experiment_id,image_id,term,term_label
LMXT0000000002,LMEX0000000271_IMG_1,LMHA0000000324,right lung lower lobe
LMXT0000000002,LMEX0000000271_IMG_10,LMHA0000000324,right lung lower lobe
LMXT0000000002,LMEX0000000271_IMG_11,LMHA0000000324,right lung lower lobe
LMXT0000000002,LMEX0000000271_IMG_12,LMHA0000000324,right lung lower lobe
LMXT0000000002,LMEX0000000271_IMG_13,LMHA0000000324,right lung lower lobe
LMXT0000000002,LMEX0000000271_IMG_14,LMHA0000000324,right lung lower lobe
LMXT0000000002,LMEX0000000271_IMG_15,LMHA0000000324,right lung lower lobe
LMXT0000000002,LMEX0000000271_IMG_16,LMHA0000000324,right lung lower lobe
LMXT0000000002,LMEX0000000271_IMG_17,LMHA0000000324,right lung lower lobe
LMXT0000000002,LMEX0000000271_IMG_18,LMHA0000000324,right lung lower lobe
LMXT0000000002,LMEX0000000271_IMG_19,LMHA0000000324,right lung lower lobe
LMXT0000000002,LMEX0000000271_IMG_2,LMHA0000000324,right lung lower lobe
LMXT0000000002,LMEX0000000271_IMG_20,LMHA0000000324,right lung lower lobe
LMXT0000000002,LMEX0000000271_IMG_21,LMHA0000000324,right lung lower lobe
LMXT0000000002,LMEX0000000271_IMG_22,LMHA0000000324,right lung lower lobe
LMXT0000000002,LMEX0000000271_IMG_23,LMHA0000000324,right lung lower lobe
LMXT0000000002,LMEX0000000271_IMG_24,LMHA0000000324,right lung lower lobe
LMXT0000000002,LMEX0000000271_IMG_25,LMHA0000000324,right lung lower lobe
LMXT0000000002,LMEX0000000271_IMG_26,LMHA0000000324,right lung lower lobe
LMXT0000000002,LMEX0000000271_IMG_27,LMHA0000000324,right lung lower lobe
LMXT0000000002,LMEX0000000271_IMG_28,LMHA0000000324,right lung lower lobe
LMXT0000000002,LMEX0000000271_IMG_29,LMHA0000000324,right lung lower lobe
LMXT0000000002,LMEX0000000271_IMG_3,LMHA0000000324,right lung lower lobe
LMXT0000000002,LMEX0000000271_IMG_30,LMHA0000000324,right lung lower lobe
LMXT0000000002,LMEX0000000271_IMG_31,LMHA0000000324,right lung lower lobe
LMXT0000000002,LMEX0000000271_IMG_32,LMHA0000000324,right lung lower lobe
LMXT0000000002,LMEX0000000271_IMG_33,LMHA0000000324,right lung lower lobe
LMXT0000000002,LMEX0000000271_IMG_4,LMHA0000000324,right lung lower lobe
LMXT0000000002,LMEX0000000271_IMG_5,LMHA0000000324,right lung lower lobe
LMXT0000000002,LMEX0000000271_IMG_6,LMHA0000000324,right lung lower lobe
LMXT0000000002,LMEX0000000271_IMG_7,LMHA0000000324,right lung lower lobe
LMXT0000000002,LMEX0000000271_IMG_8,LMHA0000000324,right lung lower lobe
LMXT0000000002,LMEX0000000271_IMG_9,LMHA0000000324,right lung lower lobe
LMXT0000000002,LMEX0000000272_IMG_1,LMHA0000000324,right lung lower lobe
LMXT0000000002,LMEX0000000272_IMG_10,LMHA0000000324,right lung lower lobe
LMXT0000000002,LMEX0000000272_IMG_11,LMHA0000000324,right lung lower lobe
LMXT0000000002,LMEX0000000272_IMG_12,LMHA0000000324,right lung lower lobe
LMXT0000000002,LMEX0000000272_IMG_13,LMHA0000000324,right lung lower lobe
LMXT0000000002,LMEX0000000272_IMG_14,LMHA0000000324,right lung lower lobe
LMXT0000000002,LMEX0000000272_IMG_15,LMHA0000000324,right lung lower lobe
LMXT0000000002,LMEX0000000272_IMG_16,LMHA0000000324,right lung lower lobe
LMXT0000000002,LMEX0000000272_IMG_17,LMHA0000000324,right lung lower lobe
LMXT0000000002,LMEX0000000272_IMG_18,LMHA0000000324,right lung lower lobe
LMXT0000000002,LMEX0000000272_IMG_19,LMHA0000000324,right lung lower lobe
LMXT0000000002,LMEX0000000272_IMG_2,LMHA0000000324,right lung lower lobe
LMXT0000000002,LMEX0000000272_IMG_20,LMHA0000000324,right lung lower lobe
LMXT0000000002,LMEX0000000272_IMG_21,LMHA0000000324,right lung lower lobe
LMXT0000000002,LMEX0000000272_IMG_22,LMHA0000000324,right lung lower lobe
LMXT0000000002,LMEX0000000272_IMG_23,LMHA0000000324,right lung lower lobe
LMXT0000000002,LMEX0000000272_IMG_24,LMHA0000000324,right lung lower lobe
LMXT0000000002,LMEX0000000272_IMG_25,LMHA0000000324,right lung lower lobe
LMXT0000000002,LMEX0000000272_IMG_26,LMHA0000000324,right lung lower lobe
LMXT0000000002,LMEX0000000272_IMG_27,LMHA0000000324,right lung lower lobe
LMXT0000000002,LMEX0000000272_IMG_28,LMHA0000000324,right lung lower lobe
LMXT0000000002,LMEX0000000272_IMG_29,LMHA0000000324,right lung lower lobe
LMXT0000000002,LMEX0000000272_IMG_3,LMHA0000000324,right lung lower lobe
LMXT0000000002,LMEX0000000272_IMG_30,LMHA0000000324,right lung lower lobe
LMXT0000000002,LMEX0000000272_IMG_31,LMHA0000000324,right lung lower lobe
LMXT0000000002,LMEX0000000272_IMG_32,LMHA0000000324,right lung lower lobe
LMXT0000000002,LMEX0000000272_IMG_33,LMHA0000000324,right lung lower lobe
LMXT0000000002,LMEX0000000272_IMG_34,LMHA0000000324,right lung lower lobe
LMXT0000000002,LMEX0000000272_IMG_35,LMHA0000000324,right lung lower lobe
LMXT0000000002,LMEX0000000272_IMG_36,LMHA0000000324,right lung lower lobe
LMXT0000000002,LMEX0000000272_IMG_4,LMHA0000000324,right lung lower lobe
LMXT0000000002,LMEX0000000272_IMG_5,LMHA0000000324,right lung lower lobe
LMXT0000000002,LMEX0000000272_IMG_6,LMHA0000000324,right lung lower lobe
LMXT0000000002,LMEX0000000272_IMG_7,LMHA0000000324,right lung lower lobe
LMXT0000000002,LMEX0000000272_IMG_8,LMHA0000000324,right lung lower lobe
LMXT0000000002,LMEX0000000272_IMG_9,LMHA0000000324,right lung lower lobe
LMXT0000000002,LMEX0000000273_IMG_1,LMHA0000000324,right lung lower lobe
LMXT0000000002,LMEX0000000273_IMG_10,LMHA0000000324,right lung lower lobe
LMXT0000000002,LMEX0000000273_IMG_11,LMHA0000000324,right lung lower lobe
LMXT0000000002,LMEX0000000273_IMG_12,LMHA0000000324,right lung lower lobe
LMXT0000000002,LMEX0000000273_IMG_13,LMHA0000000324,right lung lower lobe
LMXT0000000002,LMEX0000000273_IMG_14,LMHA0000000324,right lung lower lobe
LMXT0000000002,LMEX0000000273_IMG_15,LMHA0000000324,right lung lower lobe
LMXT0000000002,LMEX0000000273_IMG_16,LMHA0000000324,right lung lower lobe
LMXT0000000002,LMEX0000000273_IMG_17,LMHA0000000324,right lung lower lobe
LMXT0000000002,LMEX0000000273_IMG_18,LMHA0000000324,right lung lower lobe
LMXT0000000002,LMEX0000000273_IMG_19,LMHA0000000324,right lung lower lobe
LMXT0000000002,LMEX0000000273_IMG_2,LMHA0000000324,right lung lower lobe
LMXT0000000002,LMEX0000000273_IMG_20,LMHA0000000324,right lung lower lobe
LMXT0000000002,LMEX0000000273_IMG_21,LMHA0000000324,right lung lower lobe
LMXT0000000002,LMEX0000000273_IMG_22,LMHA0000000324,right lung lower lobe
LMXT0000000002,LMEX0000000273_IMG_23,LMHA0000000324,right lung lower lobe
LMXT0000000002,LMEX0000000273_IMG_24,LMHA0000000324,right lung lower lobe
LMXT0000000002,LMEX0000000273_IMG_25,LMHA0000000324,right lung lower lobe
LMXT0000000002,LMEX0000000273_IMG_26,LMHA0000000324,right lung lower lobe
LMXT0000000002,LMEX0000000273_IMG_27,LMHA0000000324,right lung lower lobe
LMXT0000000002,LMEX0000000273_IMG_28,LMHA0000000324,right lung lower lobe
LMXT0000000002,LMEX0000000273_IMG_29,LMHA0000000324,right lung lower lobe
LMXT0000000002,LMEX0000000273_IMG_3,LMHA0000000324,right lung lower lobe
LMXT0000000002,LMEX0000000273_IMG_4,LMHA0000000324,right lung lower lobe
LMXT0000000002,LMEX0000000273_IMG_5,LMHA0000000324,right lung lower lobe
LMXT0000000002,LMEX0000000273_IMG_6,LMHA0000000324,right lung lower lobe
LMXT0000000002,LMEX0000000273_IMG_7,LMHA0000000324,right lung lower lobe
LMXT0000000003,LMEX0000000244_IMG_1,LMHA0000000324,right lung lower lobe
LMXT0000000003,LMEX0000000244_IMG_10,LMHA0000000324,right lung lower lobe
LMXT0000000003,LMEX0000000244_IMG_11,LMHA0000000324,right lung lower lobe
LMXT0000000003,LMEX0000000244_IMG_12,LMHA0000000324,right lung lower lobe
LMXT0000000003,LMEX0000000244_IMG_13,LMHA0000000324,right lung lower lobe
LMXT0000000003,LMEX0000000244_IMG_14,LMHA0000000324,right lung lower lobe
LMXT0000000003,LMEX0000000244_IMG_15,LMHA0000000324,right lung lower lobe
LMXT0000000003,LMEX0000000244_IMG_16,LMHA0000000324,right lung lower lobe
LMXT0000000003,LMEX0000000244_IMG_2,LMHA0000000324,right lung lower lobe
LMXT0000000003,LMEX0000000244_IMG_3,LMHA0000000324,right lung lower lobe
LMXT0000000003,LMEX0000000244_IMG_4,LMHA0000000324,right lung lower lobe
LMXT0000000003,LMEX0000000244_IMG_5,LMHA0000000324,right lung lower lobe
LMXT0000000003,LMEX0000000244_IMG_6,LMHA0000000324,right lung lower lobe
LMXT0000000003,LMEX0000000244_IMG_7,LMHA0000000324,right lung lower lobe
LMXT0000000003,LMEX0000000244_IMG_8,LMHA0000000324,right lung lower lobe
LMXT0000000003,LMEX0000000244_IMG_9,LMHA0000000324,right lung lower lobe
LMXT0000000003,LMEX0000000246_IMG_1,LMHA0000000324,right lung lower lobe
LMXT0000000003,LMEX0000000246_IMG_2,LMHA0000000324,right lung lower lobe
LMXT0000000003,LMEX0000000246_IMG_3,LMHA0000000324,right lung lower lobe
LMXT0000000003,LMEX0000000246_IMG_4,LMHA0000000324,right lung lower lobe
LMXT0000000003,LMEX0000000246_IMG_5,LMHA0000000324,right lung lower lobe
LMXT0000000003,LMEX0000000246_IMG_6,LMHA0000000324,right lung lower lobe
LMXT0000000003,LMEX0000000246_IMG_7,LMHA0000000324,right lung lower lobe
LMXT0000000003,LMEX0000000246_IMG_8,LMHA0000000324,right lung lower lobe
LMXT0000000003,LMEX0000000246_IMG_9,LMHA0000000324,right lung lower lobe
LMXT0000000003,LMEX0000000247_IMG_1,LMHA0000000324,right lung lower lobe
LMXT0000000003,LMEX0000000247_IMG_10,LMHA0000000324,right lung lower lobe
LMXT0000000003,LMEX0000000247_IMG_11,LMHA0000000324,right lung lower lobe
LMXT0000000003,LMEX0000000247_IMG_2,LMHA0000000324,right lung lower lobe
LMXT0000000003,LMEX0000000247_IMG_3,LMHA0000000324,right lung lower lobe
LMXT0000000003,LMEX0000000247_IMG_4,LMHA0000000324,right lung lower lobe
LMXT0000000003,LMEX0000000247_IMG_5,LMHA0000000324,right lung lower lobe
LMXT0000000003,LMEX0000000247_IMG_6,LMHA0000000324,right lung lower lobe
LMXT0000000003,LMEX0000000247_IMG_7,LMHA0000000324,right lung lower lobe
LMXT0000000003,LMEX0000000247_IMG_8,LMHA0000000324,right lung lower lobe
LMXT0000000003,LMEX0000000247_IMG_9,LMHA0000000324,right lung lower lobe
LMXT0000000003,LMEX0000000248_IMG_1,LMHA0000000324,right lung lower lobe
LMXT0000000003,LMEX0000000248_IMG_2,LMHA0000000324,right lung lower lobe
LMXT0000000003,LMEX0000000248_IMG_3,LMHA0000000324,right lung lower lobe
LMXT0000000003,LMEX0000000248_IMG_4,LMHA0000000324,right lung lower lobe
LMXT0000000003,LMEX0000000248_IMG_5,LMHA0000000324,right lung lower lobe
LMXT0000000003,LMEX0000000248_IMG_6,LMHA0000000324,right lung lower lobe
LMXT0000000003,LMEX0000000249_IMG_1,LMHA0000000324,right lung lower lobe
LMXT0000000003,LMEX0000000249_IMG_10,LMHA0000000324,right lung lower lobe
LMXT0000000003,LMEX0000000249_IMG_11,LMHA0000000324,right lung lower lobe
LMXT0000000003,LMEX0000000249_IMG_12,LMHA0000000324,right lung lower lobe
LMXT0000000003,LMEX0000000249_IMG_13,LMHA0000000324,right lung lower lobe
LMXT0000000003,LMEX0000000249_IMG_2,LMHA0000000324,right lung lower lobe
LMXT0000000003,LMEX0000000249_IMG_3,LMHA0000000324,right lung lower lobe
LMXT0000000003,LMEX0000000249_IMG_4,LMHA0000000324,right lung lower lobe
LMXT0000000003,LMEX0000000249_IMG_5,LMHA0000000324,right lung lower lobe
LMXT0000000003,LMEX0000000249_IMG_6,LMHA0000000324,right lung lower lobe
LMXT0000000003,LMEX0000000249_IMG_7,LMHA0000000324,right lung lower lobe
LMXT0000000003,LMEX0000000249_IMG_8,LMHA0000000324,right lung lower lobe
LMXT0000000003,LMEX0000000249_IMG_9,LMHA0000000324,right lung lower lobe
LMXT0000000003,LMEX0000000251_IMG_1,LMHA0000000324,right lung lower lobe
LMXT0000000003,LMEX0000000251_IMG_10,LMHA0000000324,right lung lower lobe
LMXT0000000003,LMEX0000000251_IMG_11,LMHA0000000324,right lung lower lobe
LMXT0000000003,LMEX0000000251_IMG_2,LMHA0000000324,right lung lower lobe
LMXT0000000003,LMEX0000000251_IMG_3,LMHA0000000324,right lung lower lobe
LMXT0000000003,LMEX0000000251_IMG_4,LMHA0000000324,right lung lower lobe
LMXT0000000003,LMEX0000000251_IMG_5,LMHA0000000324,right lung lower lobe
LMXT0000000003,LMEX0000000251_IMG_6,LMHA0000000324,right lung lower lobe
LMXT0000000003,LMEX0000000251_IMG_7,LMHA0000000324,right lung lower lobe
LMXT0000000003,LMEX0000000251_IMG_8,LMHA0000000324,right lung lower lobe
LMXT0000000003,LMEX0000000251_IMG_9,LMHA0000000324,right lung lower lobe
LMXT0000000003,LMEX0000000255_IMG_1,LMHA0000000324,right lung lower lobe
LMXT0000000003,LMEX0000000255_IMG_10,LMHA0000000324,right lung lower lobe
LMXT0000000003,LMEX0000000255_IMG_11,LMHA0000000324,right lung lower lobe
LMXT0000000003,LMEX0000000255_IMG_12,LMHA0000000324,right lung lower lobe
LMXT0000000003,LMEX0000000255_IMG_13,LMHA0000000324,right lung lower lobe
LMXT0000000003,LMEX0000000255_IMG_14,LMHA0000000324,right lung lower lobe
LMXT0000000003,LMEX0000000255_IMG_15,LMHA0000000324,right lung lower lobe
LMXT0000000003,LMEX0000000255_IMG_2,LMHA0000000324,right lung lower lobe
LMXT0000000003,LMEX0000000255_IMG_3,LMHA0000000324,right lung lower lobe
LMXT0000000003,LMEX0000000255_IMG_4,LMHA0000000324,right lung lower lobe
LMXT0000000003,LMEX0000000255_IMG_5,LMHA0000000324,right lung lower lobe
LMXT0000000003,LMEX0000000255_IMG_6,LMHA0000000324,right lung lower lobe
LMXT0000000003,LMEX0000000255_IMG_7,LMHA0000000324,right lung lower lobe
LMXT0000000003,LMEX0000000255_IMG_8,LMHA0000000324,right lung lower lobe
LMXT0000000003,LMEX0000000255_IMG_9,LMHA0000000324,right lung lower lobe
LMXT0000000003,LMEX0000000257_IMG_1,LMHA0000000324,right lung lower lobe
LMXT0000000003,LMEX0000000257_IMG_10,LMHA0000000324,right lung lower lobe
LMXT0000000003,LMEX0000000257_IMG_11,LMHA0000000324,right lung lower lobe
LMXT0000000003,LMEX0000000257_IMG_12,LMHA0000000324,right lung lower lobe
LMXT0000000003,LMEX0000000257_IMG_13,LMHA0000000324,right lung lower lobe
LMXT0000000003,LMEX0000000257_IMG_14,LMHA0000000324,right lung lower lobe
LMXT0000000003,LMEX0000000257_IMG_15,LMHA0000000324,right lung lower lobe
LMXT0000000003,LMEX0000000257_IMG_16,LMHA0000000324,right lung lower lobe
LMXT0000000003,LMEX0000000257_IMG_17,LMHA0000000324,right lung lower lobe
LMXT0000000003,LMEX0000000257_IMG_18,LMHA0000000324,right lung lower lobe
LMXT0000000003,LMEX0000000257_IMG_19,LMHA0000000324,right lung lower lobe
LMXT0000000003,LMEX0000000257_IMG_2,LMHA0000000324,right lung lower lobe
LMXT0000000003,LMEX0000000257_IMG_20,LMHA0000000324,right lung lower lobe
LMXT0000000003,LMEX0000000257_IMG_21,LMHA0000000324,right lung lower lobe
LMXT0000000003,LMEX0000000257_IMG_22,LMHA0000000324,right lung lower lobe
LMXT0000000003,LMEX0000000257_IMG_23,LMHA0000000324,right lung lower lobe
LMXT0000000003,LMEX0000000257_IMG_24,LMHA0000000324,right lung lower lobe
LMXT0000000003,LMEX0000000257_IMG_25,LMHA0000000324,right lung lower lobe
LMXT0000000003,LMEX0000000257_IMG_26,LMHA0000000324,right lung lower lobe
LMXT0000000003,LMEX0000000257_IMG_3,LMHA0000000324,right lung lower lobe
LMXT0000000003,LMEX0000000257_IMG_4,LMHA0000000324,right lung lower lobe
LMXT0000000003,LMEX0000000257_IMG_5,LMHA0000000324,right lung lower lobe
LMXT0000000003,LMEX0000000257_IMG_6,LMHA0000000324,right lung lower lobe
LMXT0000000003,LMEX0000000257_IMG_7,LMHA0000000324,right lung lower lobe
LMXT0000000003,LMEX0000000257_IMG_8,LMHA0000000324,right lung lower lobe
LMXT0000000003,LMEX0000000257_IMG_9,LMHA0000000324,right lung lower lobe
LMXT0000000003,LMEX0000000258_IMG_1,LMHA0000000324,right lung lower lobe
LMXT0000000003,LMEX0000000258_IMG_10,LMHA0000000324,right lung lower lobe
LMXT0000000003,LMEX0000000258_IMG_11,LMHA0000000324,right lung lower lobe
LMXT0000000003,LMEX0000000258_IMG_12,LMHA0000000324,right lung lower lobe
LMXT0000000003,LMEX0000000258_IMG_13,LMHA0000000324,right lung lower lobe
LMXT0000000003,LMEX0000000258_IMG_14,LMHA0000000324,right lung lower lobe
LMXT0000000003,LMEX0000000258_IMG_2,LMHA0000000324,right lung lower lobe
LMXT0000000003,LMEX0000000258_IMG_3,LMHA0000000324,right lung lower lobe
LMXT0000000003,LMEX0000000258_IMG_4,LMHA0000000324,right lung lower lobe
LMXT0000000003,LMEX0000000258_IMG_5,LMHA0000000324,right lung lower lobe
LMXT0000000003,LMEX0000000258_IMG_6,LMHA0000000324,right lung lower lobe
LMXT0000000003,LMEX0000000258_IMG_7,LMHA0000000324,right lung lower lobe
LMXT0000000003,LMEX0000000258_IMG_8,LMHA0000000324,right lung lower lobe
LMXT0000000003,LMEX0000000258_IMG_9,LMHA0000000324,right lung lower lobe
LMXT0000000003,LMEX0000000259_IMG_1,LMHA0000000324,right lung lower lobe
LMXT0000000003,LMEX0000000259_IMG_10,LMHA0000000324,right lung lower lobe
LMXT0000000003,LMEX0000000259_IMG_11,LMHA0000000324,right lung lower lobe
LMXT0000000003,LMEX0000000259_IMG_12,LMHA0000000324,right lung lower lobe
LMXT0000000003,LMEX0000000259_IMG_13,LMHA0000000324,right lung lower lobe
LMXT0000000003,LMEX0000000259_IMG_14,LMHA0000000324,right lung lower lobe
LMXT0000000003,LMEX0000000259_IMG_15,LMHA0000000324,right lung lower lobe
LMXT0000000003,LMEX0000000259_IMG_2,LMHA0000000324,right lung lower lobe
LMXT0000000003,LMEX0000000259_IMG_3,LMHA0000000324,right lung lower lobe
LMXT0000000003,LMEX0000000259_IMG_4,LMHA0000000324,right lung lower lobe
LMXT0000000003,LMEX0000000259_IMG_5,LMHA0000000324,right lung lower lobe
LMXT0000000003,LMEX0000000259_IMG_6,LMHA0000000324,right lung lower lobe
LMXT0000000003,LMEX0000000259_IMG_7,LMHA0000000324,right lung lower lobe
LMXT0000000003,LMEX0000000259_IMG_8,LMHA0000000324,right lung lower lobe
LMXT0000000003,LMEX0000000259_IMG_9,LMHA0000000324,right lung lower lobe
LMXT0000000003,LMEX0000000260_IMG_1,LMHA0000000324,right lung lower lobe
LMXT0000000003,LMEX0000000260_IMG_10,LMHA0000000324,right lung lower lobe
LMXT0000000003,LMEX0000000260_IMG_2,LMHA0000000324,right lung lower lobe
LMXT0000000003,LMEX0000000260_IMG_3,LMHA0000000324,right lung lower lobe
LMXT0000000003,LMEX0000000260_IMG_4,LMHA0000000324,right lung lower lobe
LMXT0000000003,LMEX0000000260_IMG_5,LMHA0000000324,right lung lower lobe
LMXT0000000003,LMEX0000000260_IMG_6,LMHA0000000324,right lung lower lobe
LMXT0000000003,LMEX0000000260_IMG_7,LMHA0000000324,right lung lower lobe
LMXT0000000003,LMEX0000000260_IMG_8,LMHA0000000324,right lung lower lobe
LMXT0000000003,LMEX0000000260_IMG_9,LMHA0000000324,right lung lower lobe
LMXT0000000003,LMEX0000000261_IMG_1,LMHA0000000324,right lung lower lobe
LMXT0000000003,LMEX0000000261_IMG_10,LMHA0000000324,right lung lower lobe
LMXT0000000003,LMEX0000000261_IMG_11,LMHA0000000324,right lung lower lobe
LMXT0000000003,LMEX0000000261_IMG_12,LMHA0000000324,right lung lower lobe
LMXT0000000003,LMEX0000000261_IMG_13,LMHA0000000324,right lung lower lobe
LMXT0000000003,LMEX0000000261_IMG_14,LMHA0000000324,right lung lower lobe
LMXT0000000003,LMEX0000000261_IMG_15,LMHA0000000324,right lung lower lobe
LMXT0000000003,LMEX0000000261_IMG_2,LMHA0000000324,right lung lower lobe
LMXT0000000003,LMEX0000000261_IMG_3,LMHA0000000324,right lung lower lobe
LMXT0000000003,LMEX0000000261_IMG_4,LMHA0000000324,right lung lower lobe
LMXT0000000003,LMEX0000000261_IMG_5,LMHA0000000324,right lung lower lobe
LMXT0000000003,LMEX0000000261_IMG_6,LMHA0000000324,right lung lower lobe
LMXT0000000003,LMEX0000000261_IMG_7,LMHA0000000324,right lung lower lobe
LMXT0000000003,LMEX0000000261_IMG_8,LMHA0000000324,right lung lower lobe
LMXT0000000003,LMEX0000000261_IMG_9,LMHA0000000324,right lung lower lobe
LMXT0000000003,LMEX0000000262_IMG_1,LMHA0000000324,right lung lower lobe
LMXT0000000003,LMEX0000000262_IMG_10,LMHA0000000324,right lung lower lobe
LMXT0000000003,LMEX0000000262_IMG_11,LMHA0000000324,right lung lower lobe
LMXT0000000003,LMEX0000000262_IMG_12,LMHA0000000324,right lung lower lobe
LMXT0000000003,LMEX0000000262_IMG_13,LMHA0000000324,right lung lower lobe
LMXT0000000003,LMEX0000000262_IMG_14,LMHA0000000324,right lung lower lobe
LMXT0000000003,LMEX0000000262_IMG_2,LMHA0000000324,right lung lower lobe
LMXT0000000003,LMEX0000000262_IMG_3,LMHA0000000324,right lung lower lobe
LMXT0000000003,LMEX0000000262_IMG_4,LMHA0000000324,right lung lower lobe
LMXT0000000003,LMEX0000000262_IMG_5,LMHA0000000324,right lung lower lobe
LMXT0000000003,LMEX0000000262_IMG_6,LMHA0000000324,right lung lower lobe
LMXT0000000003,LMEX0000000262_IMG_7,LMHA0000000324,right lung lower lobe
LMXT0000000003,LMEX0000000262_IMG_8,LMHA0000000324,right lung lower lobe
LMXT0000000003,LMEX0000000262_IMG_9,LMHA0000000324,right lung lower lobe
LMXT0000000003,LMEX0000000263_IMG_1,LMHA0000000324,right lung lower lobe
LMXT0000000003,LMEX0000000263_IMG_2,LMHA0000000324,right lung lower lobe
LMXT0000000003,LMEX0000000263_IMG_3,LMHA0000000324,right lung lower lobe
LMXT0000000003,LMEX0000000263_IMG_4,LMHA0000000324,right lung lower lobe
LMXT0000000003,LMEX0000000263_IMG_5,LMHA0000000324,right lung lower lobe
LMXT0000000003,LMEX0000000263_IMG_6,LMHA0000000324,right lung lower lobe
LMXT0000000003,LMEX0000000263_IMG_7,LMHA0000000324,right lung lower lobe
LMXT0000000003,LMEX0000000263_IMG_8,LMHA0000000324,right lung lower lobe
LMXT0000000003,LMEX0000000263_IMG_9,LMHA0000000324,right lung lower lobe
LMXT0000000003,LMEX0000000265_IMG_1,LMHA0000000324,right lung lower lobe
LMXT0000000003,LMEX0000000265_IMG_2,LMHA0000000324,right lung lower lobe
LMXT0000000003,LMEX0000000265_IMG_3,LMHA0000000324,right lung lower lobe
LMXT0000000003,LMEX0000000265_IMG_4,LMHA0000000324,right lung lower lobe
LMXT0000000003,LMEX0000000265_IMG_5,LMHA0000000324,right lung lower lobe
LMXT0000000003,LMEX0000000265_IMG_6,LMHA0000000324,right lung lower lobe
LMXT0000000003,LMEX0000000265_IMG_7,LMHA0000000324,right lung lower lobe
LMXT0000000003,LMEX0000000265_IMG_8,LMHA0000000324,right lung lower lobe
LMXT0000000003,LMEX0000000265_IMG_9,LMHA0000000324,right lung lower lobe
LMXT0000000003,LMEX0000000266_IMG_1,LMHA0000000324,right lung lower lobe
LMXT0000000003,LMEX0000000266_IMG_2,LMHA0000000324,right lung lower lobe
LMXT0000000003,LMEX0000000266_IMG_3,LMHA0000000324,right lung lower lobe
LMXT0000000003,LMEX0000000266_IMG_4,LMHA0000000324,right lung lower lobe
LMXT0000000003,LMEX0000000266_IMG_5,LMHA0000000324,right lung lower lobe
LMXT0000000003,LMEX0000000266_IMG_6,LMHA0000000324,right lung lower lobe
LMXT0000000003,LMEX0000000266_IMG_7,LMHA0000000324,right lung lower lobe
LMXT0000000003,LMEX0000000267_IMG_1,LMHA0000000324,right lung lower lobe
LMXT0000000003,LMEX0000000267_IMG_10,LMHA0000000324,right lung lower lobe
LMXT0000000003,LMEX0000000267_IMG_11,LMHA0000000324,right lung lower lobe
LMXT0000000003,LMEX0000000267_IMG_12,LMHA0000000324,right lung lower lobe
LMXT0000000003,LMEX0000000267_IMG_13,LMHA0000000324,right lung lower lobe
LMXT0000000003,LMEX0000000267_IMG_14,LMHA0000000324,right lung lower lobe
LMXT0000000003,LMEX0000000267_IMG_15,LMHA0000000324,right lung lower lobe
LMXT0000000003,LMEX0000000267_IMG_16,LMHA0000000324,right lung lower lobe
LMXT0000000003,LMEX0000000267_IMG_2,LMHA0000000324,right lung lower lobe
LMXT0000000003,LMEX0000000267_IMG_3,LMHA0000000324,right lung lower lobe
LMXT0000000003,LMEX0000000267_IMG_4,LMHA0000000324,right lung lower lobe
LMXT0000000003,LMEX0000000267_IMG_5,LMHA0000000324,right lung lower lobe
LMXT0000000003,LMEX0000000267_IMG_6,LMHA0000000324,right lung lower lobe
LMXT0000000003,LMEX0000000267_IMG_7,LMHA0000000324,right lung lower lobe
LMXT0000000003,LMEX0000000267_IMG_8,LMHA0000000324,right lung lower lobe
LMXT0000000003,LMEX0000000267_IMG_9,LMHA0000000324,right lung lower lobe
LMXT0000000003,LMEX0000000269_IMG_1,LMHA0000000324,right lung lower lobe
LMXT0000000003,LMEX0000000269_IMG_2,LMHA0000000324,right lung lower lobe
LMXT0000000003,LMEX0000000269_IMG_3,LMHA0000000324,right lung lower lobe
LMXT0000000003,LMEX0000000269_IMG_4,LMHA0000000324,right lung lower lobe
LMXT0000000003,LMEX0000000269_IMG_5,LMHA0000000324,right lung lower lobe
LMXT0000000003,LMEX0000000269_IMG_6,LMHA0000000324,right lung lower lobe
LMXT0000000003,LMEX0000000269_IMG_7,LMHA0000000324,right lung lower lobe
LMXT0000000003,LMEX0000000269_IMG_8,LMHA0000000324,right lung lower lobe
LMXT0000000003,LMEX0000000270_IMG_1,LMHA0000000324,right lung lower lobe
LMXT0000000003,LMEX0000000270_IMG_10,LMHA0000000324,right lung lower lobe
LMXT0000000003,LMEX0000000270_IMG_11,LMHA0000000324,right lung lower lobe
LMXT0000000003,LMEX0000000270_IMG_12,LMHA0000000324,right lung lower lobe
LMXT0000000003,LMEX0000000270_IMG_13,LMHA0000000324,right lung lower lobe
LMXT0000000003,LMEX0000000270_IMG_14,LMHA0000000324,right lung lower lobe
LMXT0000000003,LMEX0000000270_IMG_15,LMHA0000000324,right lung lower lobe
LMXT0000000003,LMEX0000000270_IMG_16,LMHA0000000324,right lung lower lobe
LMXT0000000003,LMEX0000000270_IMG_17,LMHA0000000324,right lung lower lobe
LMXT0000000003,LMEX0000000270_IMG_18,LMHA0000000324,right lung lower lobe
LMXT0000000003,LMEX0000000270_IMG_2,LMHA0000000324,right lung lower lobe
LMXT0000000003,LMEX0000000270_IMG_3,LMHA0000000324,right lung lower lobe
LMXT0000000003,LMEX0000000270_IMG_4,LMHA0000000324,right lung lower lobe
LMXT0000000003,LMEX0000000270_IMG_5,LMHA0000000324,right lung lower lobe
LMXT0000000003,LMEX0000000270_IMG_6,LMHA0000000324,right lung lower lobe
LMXT0000000003,LMEX0000000270_IMG_7,LMHA0000000324,right lung lower lobe
LMXT0000000003,LMEX0000000270_IMG_8,LMHA0000000324,right lung lower lobe
LMXT0000000003,LMEX0000000270_IMG_9,LMHA0000000324,right lung lower lobe
LMXT0000000003,LMEX0000000264_IMG_1,LMHA0000000529,left lung lower lobe
LMXT0000000003,LMEX0000000264_IMG_10,LMHA0000000529,left lung lower lobe
LMXT0000000003,LMEX0000000264_IMG_11,LMHA0000000529,left lung lower lobe
LMXT0000000003,LMEX0000000264_IMG_12,LMHA0000000529,left lung lower lobe
LMXT0000000003,LMEX0000000264_IMG_13,LMHA0000000529,left lung lower lobe
LMXT0000000003,LMEX0000000264_IMG_14,LMHA0000000529,left lung lower lobe
LMXT0000000003,LMEX0000000264_IMG_15,LMHA0000000529,left lung lower lobe
LMXT0000000003,LMEX0000000264_IMG_16,LMHA0000000529,left lung lower lobe
LMXT0000000003,LMEX0000000264_IMG_17,LMHA0000000529,left lung lower lobe
LMXT0000000003,LMEX0000000264_IMG_2,LMHA0000000529,left lung lower lobe
LMXT0000000003,LMEX0000000264_IMG_3,LMHA0000000529,left lung lower lobe
LMXT0000000003,LMEX0000000264_IMG_4,LMHA0000000529,left lung lower lobe
LMXT0000000003,LMEX0000000264_IMG_5,LMHA0000000529,left lung lower lobe
LMXT0000000003,LMEX0000000264_IMG_6,LMHA0000000529,left lung lower lobe
LMXT0000000003,LMEX0000000264_IMG_7,LMHA0000000529,left lung lower lobe
LMXT0000000003,LMEX0000000264_IMG_8,LMHA0000000529,left lung lower lobe
LMXT0000000003,LMEX0000000264_IMG_9,LMHA0000000529,left lung lower lobe
LMXT0000000003,LMEX0000000245_IMG_1,LMHA0000000529,left lung lower lobe
LMXT0000000003,LMEX0000000245_IMG_10,LMHA0000000529,left lung lower lobe
LMXT0000000003,LMEX0000000245_IMG_11,LMHA0000000529,left lung lower lobe
LMXT0000000003,LMEX0000000245_IMG_12,LMHA0000000529,left lung lower lobe
LMXT0000000003,LMEX0000000245_IMG_13,LMHA0000000529,left lung lower lobe
LMXT0000000003,LMEX0000000245_IMG_14,LMHA0000000529,left lung lower lobe
LMXT0000000003,LMEX0000000245_IMG_15,LMHA0000000529,left lung lower lobe
LMXT0000000003,LMEX0000000245_IMG_16,LMHA0000000529,left lung lower lobe
LMXT0000000003,LMEX0000000245_IMG_17,LMHA0000000529,left lung lower lobe
LMXT0000000003,LMEX0000000245_IMG_2,LMHA0000000529,left lung lower lobe
LMXT0000000003,LMEX0000000245_IMG_3,LMHA0000000529,left lung lower lobe
LMXT0000000003,LMEX0000000245_IMG_4,LMHA0000000529,left lung lower lobe
LMXT0000000003,LMEX0000000245_IMG_5,LMHA0000000529,left lung lower lobe
LMXT0000000003,LMEX0000000245_IMG_6,LMHA0000000529,left lung lower lobe
LMXT0000000003,LMEX0000000245_IMG_7,LMHA0000000529,left lung lower lobe
LMXT0000000003,LMEX0000000245_IMG_8,LMHA0000000529,left lung lower lobe
LMXT0000000003,LMEX0000000245_IMG_9,LMHA0000000529,left lung lower lobe
LMXT0000000003,LMEX0000000250_IMG_1,LMHA0000000529,left lung lower lobe
LMXT0000000003,LMEX0000000250_IMG_10,LMHA0000000529,left lung lower lobe
LMXT0000000003,LMEX0000000250_IMG_11,LMHA0000000529,left lung lower lobe
LMXT0000000003,LMEX0000000250_IMG_2,LMHA0000000529,left lung lower lobe
LMXT0000000003,LMEX0000000250_IMG_3,LMHA0000000529,left lung lower lobe
LMXT0000000003,LMEX0000000250_IMG_4,LMHA0000000529,left lung lower lobe
LMXT0000000003,LMEX0000000250_IMG_5,LMHA0000000529,left lung lower lobe
LMXT0000000003,LMEX0000000250_IMG_6,LMHA0000000529,left lung lower lobe
LMXT0000000003,LMEX0000000250_IMG_7,LMHA0000000529,left lung lower lobe
LMXT0000000003,LMEX0000000250_IMG_8,LMHA0000000529,left lung lower lobe
LMXT0000000003,LMEX0000000250_IMG_9,LMHA0000000529,left lung lower lobe
LMXT0000000003,LMEX0000000252_IMG_1,LMHA0000000529,left lung lower lobe
LMXT0000000003,LMEX0000000252_IMG_2,LMHA0000000529,left lung lower lobe
LMXT0000000003,LMEX0000000252_IMG_3,LMHA0000000529,left lung lower lobe
LMXT0000000003,LMEX0000000252_IMG_4,LMHA0000000529,left lung lower lobe
LMXT0000000003,LMEX0000000252_IMG_5,LMHA0000000529,left lung lower lobe
LMXT0000000003,LMEX0000000252_IMG_6,LMHA0000000529,left lung lower lobe
LMXT0000000003,LMEX0000000252_IMG_7,LMHA0000000529,left lung lower lobe
LMXT0000000003,LMEX0000000252_IMG_8,LMHA0000000529,left lung lower lobe
LMXT0000000003,LMEX0000000253_IMG_1,LMHA0000000529,left lung lower lobe
LMXT0000000003,LMEX0000000253_IMG_10,LMHA0000000529,left lung lower lobe
LMXT0000000003,LMEX0000000253_IMG_11,LMHA0000000529,left lung lower lobe
LMXT0000000003,LMEX0000000253_IMG_12,LMHA0000000529,left lung lower lobe
LMXT0000000003,LMEX0000000253_IMG_13,LMHA0000000529,left lung lower lobe
LMXT0000000003,LMEX0000000253_IMG_14,LMHA0000000529,left lung lower lobe
LMXT0000000003,LMEX0000000253_IMG_15,LMHA0000000529,left lung lower lobe
LMXT0000000003,LMEX0000000253_IMG_16,LMHA0000000529,left lung lower lobe
LMXT0000000003,LMEX0000000253_IMG_17,LMHA0000000529,left lung lower lobe
LMXT0000000003,LMEX0000000253_IMG_18,LMHA0000000529,left lung lower lobe
LMXT0000000003,LMEX0000000253_IMG_2,LMHA0000000529,left lung lower lobe
LMXT0000000003,LMEX0000000253_IMG_3,LMHA0000000529,left lung lower lobe
LMXT0000000003,LMEX0000000253_IMG_4,LMHA0000000529,left lung lower lobe
LMXT0000000003,LMEX0000000253_IMG_5,LMHA0000000529,left lung lower lobe
LMXT0000000003,LMEX0000000253_IMG_6,LMHA0000000529,left lung lower lobe
LMXT0000000003,LMEX0000000253_IMG_7,LMHA0000000529,left lung lower lobe
LMXT0000000003,LMEX0000000253_IMG_8,LMHA0000000529,left lung lower lobe
LMXT0000000003,LMEX0000000253_IMG_9,LMHA0000000529,left lung lower lobe
LMXT0000000003,LMEX0000000254_IMG_1,LMHA0000000529,left lung lower lobe
LMXT0000000003,LMEX0000000254_IMG_2,LMHA0000000529,left lung lower lobe
LMXT0000000003,LMEX0000000254_IMG_3,LMHA0000000529,left lung lower lobe
LMXT0000000003,LMEX0000000254_IMG_4,LMHA0000000529,left lung lower lobe
LMXT0000000003,LMEX0000000254_IMG_5,LMHA0000000529,left lung lower lobe
LMXT0000000003,LMEX0000000254_IMG_6,LMHA0000000529,left lung lower lobe
LMXT0000000003,LMEX0000000254_IMG_7,LMHA0000000529,left lung lower lobe
LMXT0000000003,LMEX0000000254_IMG_8,LMHA0000000529,left lung lower lobe
LMXT0000000003,LMEX0000000256_IMG_1,LMHA0000000529,left lung lower lobe
LMXT0000000003,LMEX0000000256_IMG_10,LMHA0000000529,left lung lower lobe
LMXT0000000003,LMEX0000000256_IMG_11,LMHA0000000529,left lung lower lobe
LMXT0000000003,LMEX0000000256_IMG_12,LMHA0000000529,left lung lower lobe
LMXT0000000003,LMEX0000000256_IMG_13,LMHA0000000529,left lung lower lobe
LMXT0000000003,LMEX0000000256_IMG_14,LMHA0000000529,left lung lower lobe
LMXT0000000003,LMEX0000000256_IMG_2,LMHA0000000529,left lung lower lobe
LMXT0000000003,LMEX0000000256_IMG_3,LMHA0000000529,left lung lower lobe
LMXT0000000003,LMEX0000000256_IMG_4,LMHA0000000529,left lung lower lobe
LMXT0000000003,LMEX0000000256_IMG_5,LMHA0000000529,left lung lower lobe
LMXT0000000003,LMEX0000000256_IMG_6,LMHA0000000529,left lung lower lobe
LMXT0000000003,LMEX0000000256_IMG_7,LMHA0000000529,left lung lower lobe
LMXT0000000003,LMEX0000000256_IMG_8,LMHA0000000529,left lung lower lobe
LMXT0000000003,LMEX0000000256_IMG_9,LMHA0000000529,left lung lower lobe
LMXT0000000003,LMEX0000000268_IMG_1,LMHA0000000529,left lung lower lobe
LMXT0000000003,LMEX0000000268_IMG_10,LMHA0000000529,left lung lower lobe
LMXT0000000003,LMEX0000000268_IMG_11,LMHA0000000529,left lung lower lobe
LMXT0000000003,LMEX0000000268_IMG_12,LMHA0000000529,left lung lower lobe
LMXT0000000003,LMEX0000000268_IMG_13,LMHA0000000529,left lung lower lobe
LMXT0000000003,LMEX0000000268_IMG_14,LMHA0000000529,left lung lower lobe
LMXT0000000003,LMEX0000000268_IMG_15,LMHA0000000529,left lung lower lobe
LMXT0000000003,LMEX0000000268_IMG_16,LMHA0000000529,left lung lower lobe
LMXT0000000003,LMEX0000000268_IMG_2,LMHA0000000529,left lung lower lobe
LMXT0000000003,LMEX0000000268_IMG_3,LMHA0000000529,left lung lower lobe
LMXT0000000003,LMEX0000000268_IMG_4,LMHA0000000529,left lung lower lobe
LMXT0000000003,LMEX0000000268_IMG_5,LMHA0000000529,left lung lower lobe
LMXT0000000003,LMEX0000000268_IMG_6,LMHA0000000529,left lung lower lobe
LMXT0000000003,LMEX0000000268_IMG_7,LMHA0000000529,left lung lower lobe
LMXT0000000003,LMEX0000000268_IMG_8,LMHA0000000529,left lung lower lobe
LMXT0000000003,LMEX0000000268_IMG_9,LMHA0000000529,left lung lower lobe
LMXT0000000002,LMEX0000000288_IMG_1,LMMA0000000211,lung
LMXT0000000002,LMEX0000000288_IMG_10,LMMA0000000211,lung
LMXT0000000002,LMEX0000000288_IMG_11,LMMA0000000211,lung
LMXT0000000002,LMEX0000000288_IMG_12,LMMA0000000211,lung
LMXT0000000002,LMEX0000000288_IMG_13,LMMA0000000211,lung
LMXT0000000002,LMEX0000000288_IMG_14,LMMA0000000211,lung
LMXT0000000002,LMEX0000000288_IMG_15,LMMA0000000211,lung
LMXT0000000002,LMEX0000000288_IMG_16,LMMA0000000211,lung
LMXT0000000002,LMEX0000000288_IMG_17,LMMA0000000211,lung
LMXT0000000002,LMEX0000000288_IMG_18,LMMA0000000211,lung
LMXT0000000002,LMEX0000000288_IMG_19,LMMA0000000211,lung
LMXT0000000002,LMEX0000000288_IMG_2,LMMA0000000211,lung
LMXT0000000002,LMEX0000000288_IMG_20,LMMA0000000211,lung
LMXT0000000002,LMEX0000000288_IMG_21,LMMA0000000211,lung
LMXT0000000002,LMEX0000000288_IMG_22,LMMA0000000211,lung
LMXT0000000002,LMEX0000000288_IMG_3,LMMA0000000211,lung
LMXT0000000002,LMEX0000000288_IMG_4,LMMA0000000211,lung
LMXT0000000002,LMEX0000000288_IMG_5,LMMA0000000211,lung
LMXT0000000002,LMEX0000000288_IMG_6,LMMA0000000211,lung
LMXT0000000002,LMEX0000000288_IMG_7,LMMA0000000211,lung
LMXT0000000002,LMEX0000000288_IMG_8,LMMA0000000211,lung
LMXT0000000002,LMEX0000000288_IMG_9,LMMA0000000211,lung
LMXT0000000002,LMEX0000000289_IMG_1,LMMA0000000211,lung
LMXT0000000002,LMEX0000000289_IMG_10,LMMA0000000211,lung
LMXT0000000002,LMEX0000000289_IMG_11,LMMA0000000211,lung
LMXT0000000002,LMEX0000000289_IMG_12,LMMA0000000211,lung
LMXT0000000002,LMEX0000000289_IMG_13,LMMA0000000211,lung
LMXT0000000002,LMEX0000000289_IMG_14,LMMA0000000211,lung
LMXT0000000002,LMEX0000000289_IMG_15,LMMA0000000211,lung
LMXT0000000002,LMEX0000000289_IMG_16,LMMA0000000211,lung
LMXT0000000002,LMEX0000000289_IMG_2,LMMA0000000211,lung
LMXT0000000002,LMEX0000000289_IMG_3,LMMA0000000211,lung
LMXT0000000002,LMEX0000000289_IMG_4,LMMA0000000211,lung
LMXT0000000002,LMEX0000000289_IMG_5,LMMA0000000211,lung
LMXT0000000002,LMEX0000000289_IMG_6,LMMA0000000211,lung
LMXT0000000002,LMEX0000000289_IMG_7,LMMA0000000211,lung
LMXT0000000002,LMEX0000000289_IMG_8,LMMA0000000211,lung
LMXT0000000002,LMEX0000000289_IMG_9,LMMA0000000211,lung
LMXT0000000002,LMEX0000000290_IMG_1,LMMA0000000211,lung
LMXT0000000002,LMEX0000000290_IMG_10,LMMA0000000211,lung
LMXT0000000002,LMEX0000000290_IMG_11,LMMA0000000211,lung
LMXT0000000002,LMEX0000000290_IMG_12,LMMA0000000211,lung
LMXT0000000002,LMEX0000000290_IMG_13,LMMA0000000211,lung
LMXT0000000002,LMEX0000000290_IMG_14,LMMA0000000211,lung
LMXT0000000002,LMEX0000000290_IMG_15,LMMA0000000211,lung
LMXT0000000002,LMEX0000000290_IMG_16,LMMA0000000211,lung
LMXT0000000002,LMEX0000000290_IMG_17,LMMA0000000211,lung
LMXT0000000002,LMEX0000000290_IMG_18,LMMA0000000211,lung
LMXT0000000002,LMEX0000000290_IMG_19,LMMA0000000211,lung
LMXT0000000002,LMEX0000000290_IMG_2,LMMA0000000211,lung
LMXT0000000002,LMEX0000000290_IMG_20,LMMA0000000211,lung
LMXT0000000002,LMEX0000000290_IMG_21,LMMA0000000211,lung
LMXT0000000002,LMEX0000000290_IMG_22,LMMA0000000211,lung
LMXT0000000002,LMEX0000000290_IMG_23,LMMA0000000211,lung
LMXT0000000002,LMEX0000000290_IMG_24,LMMA0000000211,lung
LMXT0000000002,LMEX0000000290_IMG_25,LMMA0000000211,lung
LMXT0000000002,LMEX0000000290_IMG_26,LMMA0000000211,lung
LMXT0000000002,LMEX0000000290_IMG_27,LMMA0000000211,lung
LMXT0000000002,LMEX0000000290_IMG_28,LMMA0000000211,lung
LMXT0000000002,LMEX0000000290_IMG_29,LMMA0000000211,lung
LMXT0000000002,LMEX0000000290_IMG_3,LMMA0000000211,lung
LMXT0000000002,LMEX0000000290_IMG_30,LMMA0000000211,lung
LMXT0000000002,LMEX0000000290_IMG_31,LMMA0000000211,lung
LMXT0000000002,LMEX0000000290_IMG_32,LMMA0000000211,lung
LMXT0000000002,LMEX0000000290_IMG_33,LMMA0000000211,lung
LMXT0000000002,LMEX0000000290_IMG_34,LMMA0000000211,lung
LMXT0000000002,LMEX0000000290_IMG_35,LMMA0000000211,lung
LMXT0000000002,LMEX0000000290_IMG_36,LMMA0000000211,lung
LMXT0000000002,LMEX0000000290_IMG_37,LMMA0000000211,lung
LMXT0000000002,LMEX0000000290_IMG_38,LMMA0000000211,lung
LMXT0000000002,LMEX0000000290_IMG_39,LMMA0000000211,lung
LMXT0000000002,LMEX0000000290_IMG_4,LMMA0000000211,lung
LMXT0000000002,LMEX0000000290_IMG_40,LMMA0000000211,lung
LMXT0000000002,LMEX0000000290_IMG_41,LMMA0000000211,lung
LMXT0000000002,LMEX0000000290_IMG_42,LMMA0000000211,lung
LMXT0000000002,LMEX0000000290_IMG_43,LMMA0000000211,lung
LMXT0000000002,LMEX0000000290_IMG_44,LMMA0000000211,lung
LMXT0000000002,LMEX0000000290_IMG_45,LMMA0000000211,lung
LMXT0000000002,LMEX0000000290_IMG_46,LMMA0000000211,lung
LMXT0000000002,LMEX0000000290_IMG_5,LMMA0000000211,lung
LMXT0000000002,LMEX0000000290_IMG_6,LMMA0000000211,lung
LMXT0000000002,LMEX0000000290_IMG_7,LMMA0000000211,lung
LMXT0000000002,LMEX0000000290_IMG_8,LMMA0000000211,lung
LMXT0000000002,LMEX0000000290_IMG_9,LMMA0000000211,lung
LMXT0000000002,LMEX0000000291_IMG_1,LMMA0000000211,lung
LMXT0000000002,LMEX0000000291_IMG_10,LMMA0000000211,lung
LMXT0000000002,LMEX0000000291_IMG_11,LMMA0000000211,lung
LMXT0000000002,LMEX0000000291_IMG_12,LMMA0000000211,lung
LMXT0000000002,LMEX0000000291_IMG_13,LMMA0000000211,lung
LMXT0000000002,LMEX0000000291_IMG_14,LMMA0000000211,lung
LMXT0000000002,LMEX0000000291_IMG_15,LMMA0000000211,lung
LMXT0000000002,LMEX0000000291_IMG_16,LMMA0000000211,lung
LMXT0000000002,LMEX0000000291_IMG_17,LMMA0000000211,lung
LMXT0000000002,LMEX0000000291_IMG_18,LMMA0000000211,lung
LMXT0000000002,LMEX0000000291_IMG_19,LMMA0000000211,lung
LMXT0000000002,LMEX0000000291_IMG_2,LMMA0000000211,lung
LMXT0000000002,LMEX0000000291_IMG_20,LMMA0000000211,lung
LMXT0000000002,LMEX0000000291_IMG_21,LMMA0000000211,lung
LMXT0000000002,LMEX0000000291_IMG_22,LMMA0000000211,lung
LMXT0000000002,LMEX0000000291_IMG_23,LMMA0000000211,lung
LMXT0000000002,LMEX0000000291_IMG_24,LMMA0000000211,lung
LMXT0000000002,LMEX0000000291_IMG_25,LMMA0000000211,lung
LMXT0000000002,LMEX0000000291_IMG_26,LMMA0000000211,lung
LMXT0000000002,LMEX0000000291_IMG_27,LMMA0000000211,lung
LMXT0000000002,LMEX0000000291_IMG_28,LMMA0000000211,lung
LMXT0000000002,LMEX0000000291_IMG_29,LMMA0000000211,lung
LMXT0000000002,LMEX0000000291_IMG_3,LMMA0000000211,lung
LMXT0000000002,LMEX0000000291_IMG_30,LMMA0000000211,lung
LMXT0000000002,LMEX0000000291_IMG_31,LMMA0000000211,lung
LMXT0000000002,LMEX0000000291_IMG_32,LMMA0000000211,lung
LMXT0000000002,LMEX0000000291_IMG_33,LMMA0000000211,lung
LMXT0000000002,LMEX0000000291_IMG_34,LMMA0000000211,lung
LMXT0000000002,LMEX0000000291_IMG_35,LMMA0000000211,lung
LMXT0000000002,LMEX0000000291_IMG_36,LMMA0000000211,lung
LMXT0000000002,LMEX0000000291_IMG_37,LMMA0000000211,lung
LMXT0000000002,LMEX0000000291_IMG_38,LMMA0000000211,lung
LMXT0000000002,LMEX0000000291_IMG_39,LMMA0000000211,lung
LMXT0000000002,LMEX0000000291_IMG_4,LMMA0000000211,lung
LMXT0000000002,LMEX0000000291_IMG_40,LMMA0000000211,lung
LMXT0000000002,LMEX0000000291_IMG_5,LMMA0000000211,lung
LMXT0000000002,LMEX0000000291_IMG_6,LMMA0000000211,lung
LMXT0000000002,LMEX0000000291_IMG_7,LMMA0000000211,lung
LMXT0000000002,LMEX0000000291_IMG_8,LMMA0000000211,lung
LMXT0000000002,LMEX0000000291_IMG_9,LMMA0000000211,lung
LMXT0000000002,LMEX0000000273_IMG_8,LMHA0000000324,right lung lower lobe
LMXT0000000002,LMEX0000000273_IMG_9,LMHA0000000324,right lung lower lobe
LMXT0000000002,LMEX0000000274_IMG_1,LMHA0000000324,right lung lower lobe
LMXT0000000002,LMEX0000000274_IMG_10,LMHA0000000324,right lung lower lobe
LMXT0000000002,LMEX0000000274_IMG_11,LMHA0000000324,right lung lower lobe
LMXT0000000002,LMEX0000000274_IMG_12,LMHA0000000324,right lung lower lobe
LMXT0000000002,LMEX0000000274_IMG_13,LMHA0000000324,right lung lower lobe
LMXT0000000002,LMEX0000000274_IMG_14,LMHA0000000324,right lung lower lobe
LMXT0000000002,LMEX0000000274_IMG_15,LMHA0000000324,right lung lower lobe
LMXT0000000002,LMEX0000000274_IMG_16,LMHA0000000324,right lung lower lobe
LMXT0000000002,LMEX0000000274_IMG_17,LMHA0000000324,right lung lower lobe
LMXT0000000002,LMEX0000000274_IMG_18,LMHA0000000324,right lung lower lobe
LMXT0000000002,LMEX0000000274_IMG_19,LMHA0000000324,right lung lower lobe
LMXT0000000002,LMEX0000000274_IMG_2,LMHA0000000324,right lung lower lobe
LMXT0000000002,LMEX0000000274_IMG_20,LMHA0000000324,right lung lower lobe
LMXT0000000002,LMEX0000000274_IMG_21,LMHA0000000324,right lung lower lobe
LMXT0000000002,LMEX0000000274_IMG_22,LMHA0000000324,right lung lower lobe
LMXT0000000002,LMEX0000000274_IMG_3,LMHA0000000324,right lung lower lobe
LMXT0000000002,LMEX0000000274_IMG_4,LMHA0000000324,right lung lower lobe
LMXT0000000002,LMEX0000000274_IMG_5,LMHA0000000324,right lung lower lobe
LMXT0000000002,LMEX0000000274_IMG_6,LMHA0000000324,right lung lower lobe
LMXT0000000002,LMEX0000000274_IMG_7,LMHA0000000324,right lung lower lobe
LMXT0000000002,LMEX0000000274_IMG_8,LMHA0000000324,right lung lower lobe
LMXT0000000002,LMEX0000000274_IMG_9,LMHA0000000324,right lung lower lobe
LMXT0000000002,LMEX0000000275_IMG_1,LMHA0000000324,right lung lower lobe
LMXT0000000002,LMEX0000000275_IMG_10,LMHA0000000324,right lung lower lobe
LMXT0000000002,LMEX0000000275_IMG_11,LMHA0000000324,right lung lower lobe
LMXT0000000002,LMEX0000000275_IMG_12,LMHA0000000324,right lung lower lobe
LMXT0000000002,LMEX0000000275_IMG_13,LMHA0000000324,right lung lower lobe
LMXT0000000002,LMEX0000000275_IMG_14,LMHA0000000324,right lung lower lobe
LMXT0000000002,LMEX0000000275_IMG_15,LMHA0000000324,right lung lower lobe
LMXT0000000002,LMEX0000000275_IMG_16,LMHA0000000324,right lung lower lobe
LMXT0000000002,LMEX0000000275_IMG_17,LMHA0000000324,right lung lower lobe
LMXT0000000002,LMEX0000000275_IMG_18,LMHA0000000324,right lung lower lobe
LMXT0000000002,LMEX0000000275_IMG_19,LMHA0000000324,right lung lower lobe
LMXT0000000002,LMEX0000000275_IMG_2,LMHA0000000324,right lung lower lobe
LMXT0000000002,LMEX0000000275_IMG_20,LMHA0000000324,right lung lower lobe
LMXT0000000002,LMEX0000000275_IMG_21,LMHA0000000324,right lung lower lobe
LMXT0000000002,LMEX0000000275_IMG_22,LMHA0000000324,right lung lower lobe
LMXT0000000002,LMEX0000000275_IMG_23,LMHA0000000324,right lung lower lobe
LMXT0000000002,LMEX0000000275_IMG_24,LMHA0000000324,right lung lower lobe
LMXT0000000002,LMEX0000000275_IMG_25,LMHA0000000324,right lung lower lobe
LMXT0000000002,LMEX0000000275_IMG_26,LMHA0000000324,right lung lower lobe
LMXT0000000002,LMEX0000000275_IMG_27,LMHA0000000324,right lung lower lobe
LMXT0000000002,LMEX0000000275_IMG_28,LMHA0000000324,right lung lower lobe
LMXT0000000002,LMEX0000000275_IMG_29,LMHA0000000324,right lung lower lobe
LMXT0000000002,LMEX0000000275_IMG_3,LMHA0000000324,right lung lower lobe
LMXT0000000002,LMEX0000000275_IMG_30,LMHA0000000324,right lung lower lobe
LMXT0000000002,LMEX0000000275_IMG_31,LMHA0000000324,right lung lower lobe
LMXT0000000002,LMEX0000000275_IMG_32,LMHA0000000324,right lung lower lobe
LMXT0000000002,LMEX0000000275_IMG_33,LMHA0000000324,right lung lower lobe
LMXT0000000002,LMEX0000000275_IMG_34,LMHA0000000324,right lung lower lobe
LMXT0000000002,LMEX0000000275_IMG_35,LMHA0000000324,right lung lower lobe
LMXT0000000002,LMEX0000000275_IMG_36,LMHA0000000324,right lung lower lobe
LMXT0000000002,LMEX0000000275_IMG_37,LMHA0000000324,right lung lower lobe
LMXT0000000002,LMEX0000000275_IMG_38,LMHA0000000324,right lung lower lobe
LMXT0000000002,LMEX0000000275_IMG_39,LMHA0000000324,right lung lower lobe
LMXT0000000002,LMEX0000000275_IMG_4,LMHA0000000324,right lung lower lobe
LMXT0000000002,LMEX0000000275_IMG_40,LMHA0000000324,right lung lower lobe
LMXT0000000002,LMEX0000000275_IMG_41,LMHA0000000324,right lung lower lobe
LMXT0000000002,LMEX0000000275_IMG_42,LMHA0000000324,right lung lower lobe
LMXT0000000002,LMEX0000000275_IMG_43,LMHA0000000324,right lung lower lobe
LMXT0000000002,LMEX0000000275_IMG_44,LMHA0000000324,right lung lower lobe
LMXT0000000002,LMEX0000000275_IMG_45,LMHA0000000324,right lung lower lobe
LMXT0000000002,LMEX0000000275_IMG_46,LMHA0000000324,right lung lower lobe
LMXT0000000002,LMEX0000000275_IMG_5,LMHA0000000324,right lung lower lobe
LMXT0000000002,LMEX0000000275_IMG_6,LMHA0000000324,right lung lower lobe
LMXT0000000002,LMEX0000000275_IMG_7,LMHA0000000324,right lung lower lobe
LMXT0000000002,LMEX0000000275_IMG_8,LMHA0000000324,right lung lower lobe
LMXT0000000002,LMEX0000000275_IMG_9,LMHA0000000324,right lung lower lobe
LMXT0000000002,LMEX0000000277_IMG_1,LMHA0000000324,right lung lower lobe
LMXT0000000002,LMEX0000000277_IMG_10,LMHA0000000324,right lung lower lobe
LMXT0000000002,LMEX0000000277_IMG_11,LMHA0000000324,right lung lower lobe
LMXT0000000002,LMEX0000000277_IMG_12,LMHA0000000324,right lung lower lobe
LMXT0000000002,LMEX0000000277_IMG_13,LMHA0000000324,right lung lower lobe
LMXT0000000002,LMEX0000000277_IMG_14,LMHA0000000324,right lung lower lobe
LMXT0000000002,LMEX0000000277_IMG_15,LMHA0000000324,right lung lower lobe
LMXT0000000002,LMEX0000000277_IMG_16,LMHA0000000324,right lung lower lobe
LMXT0000000002,LMEX0000000277_IMG_17,LMHA0000000324,right lung lower lobe
LMXT0000000002,LMEX0000000277_IMG_18,LMHA0000000324,right lung lower lobe
LMXT0000000002,LMEX0000000277_IMG_19,LMHA0000000324,right lung lower lobe
LMXT0000000002,LMEX0000000277_IMG_2,LMHA0000000324,right lung lower lobe
LMXT0000000002,LMEX0000000277_IMG_20,LMHA0000000324,right lung lower lobe
LMXT0000000002,LMEX0000000277_IMG_21,LMHA0000000324,right lung lower lobe
LMXT0000000002,LMEX0000000277_IMG_22,LMHA0000000324,right lung lower lobe
LMXT0000000002,LMEX0000000277_IMG_23,LMHA0000000324,right lung lower lobe
LMXT0000000002,LMEX0000000277_IMG_24,LMHA0000000324,right lung lower lobe
LMXT0000000002,LMEX0000000277_IMG_25,LMHA0000000324,right lung lower lobe
LMXT0000000002,LMEX0000000277_IMG_26,LMHA0000000324,right lung lower lobe
LMXT0000000002,LMEX0000000277_IMG_27,LMHA0000000324,right lung lower lobe
LMXT0000000002,LMEX0000000277_IMG_28,LMHA0000000324,right lung lower lobe
LMXT0000000002,LMEX0000000277_IMG_29,LMHA0000000324,right lung lower lobe
LMXT0000000002,LMEX0000000277_IMG_3,LMHA0000000324,right lung lower lobe
LMXT0000000002,LMEX0000000277_IMG_30,LMHA0000000324,right lung lower lobe
LMXT0000000002,LMEX0000000277_IMG_31,LMHA0000000324,right lung lower lobe
LMXT0000000002,LMEX0000000277_IMG_32,LMHA0000000324,right lung lower lobe
LMXT0000000002,LMEX0000000277_IMG_33,LMHA0000000324,right lung lower lobe
LMXT0000000002,LMEX0000000277_IMG_34,LMHA0000000324,right lung lower lobe
LMXT0000000002,LMEX0000000277_IMG_35,LMHA0000000324,right lung lower lobe
LMXT0000000002,LMEX0000000277_IMG_36,LMHA0000000324,right lung lower lobe
LMXT0000000002,LMEX0000000277_IMG_4,LMHA0000000324,right lung lower lobe
LMXT0000000002,LMEX0000000277_IMG_5,LMHA0000000324,right lung lower lobe
LMXT0000000002,LMEX0000000277_IMG_6,LMHA0000000324,right lung lower lobe
LMXT0000000002,LMEX0000000277_IMG_7,LMHA0000000324,right lung lower lobe
LMXT0000000002,LMEX0000000277_IMG_8,LMHA0000000324,right lung lower lobe
LMXT0000000002,LMEX0000000277_IMG_9,LMHA0000000324,right lung lower lobe
LMXT0000000002,LMEX0000000278_IMG_1,LMHA0000000324,right lung lower lobe
LMXT0000000002,LMEX0000000278_IMG_10,LMHA0000000324,right lung lower lobe
LMXT0000000002,LMEX0000000278_IMG_11,LMHA0000000324,right lung lower lobe
LMXT0000000002,LMEX0000000278_IMG_12,LMHA0000000324,right lung lower lobe
LMXT0000000002,LMEX0000000278_IMG_13,LMHA0000000324,right lung lower lobe
LMXT0000000002,LMEX0000000278_IMG_14,LMHA0000000324,right lung lower lobe
LMXT0000000002,LMEX0000000278_IMG_15,LMHA0000000324,right lung lower lobe
LMXT0000000002,LMEX0000000278_IMG_16,LMHA0000000324,right lung lower lobe
LMXT0000000002,LMEX0000000278_IMG_17,LMHA0000000324,right lung lower lobe
LMXT0000000002,LMEX0000000278_IMG_18,LMHA0000000324,right lung lower lobe
LMXT0000000002,LMEX0000000278_IMG_19,LMHA0000000324,right lung lower lobe
LMXT0000000002,LMEX0000000278_IMG_2,LMHA0000000324,right lung lower lobe
LMXT0000000002,LMEX0000000278_IMG_20,LMHA0000000324,right lung lower lobe
LMXT0000000002,LMEX0000000278_IMG_21,LMHA0000000324,right lung lower lobe
LMXT0000000002,LMEX0000000278_IMG_22,LMHA0000000324,right lung lower lobe
LMXT0000000002,LMEX0000000278_IMG_23,LMHA0000000324,right lung lower lobe
LMXT0000000002,LMEX0000000278_IMG_24,LMHA0000000324,right lung lower lobe
LMXT0000000002,LMEX0000000278_IMG_25,LMHA0000000324,right lung lower lobe
LMXT0000000002,LMEX0000000278_IMG_26,LMHA0000000324,right lung lower lobe
LMXT0000000002,LMEX0000000278_IMG_27,LMHA0000000324,right lung lower lobe
LMXT0000000002,LMEX0000000278_IMG_28,LMHA0000000324,right lung lower lobe
LMXT0000000002,LMEX0000000278_IMG_29,LMHA0000000324,right lung lower lobe
LMXT0000000002,LMEX0000000278_IMG_3,LMHA0000000324,right lung lower lobe
LMXT0000000002,LMEX0000000278_IMG_30,LMHA0000000324,right lung lower lobe
LMXT0000000002,LMEX0000000278_IMG_31,LMHA0000000324,right lung lower lobe
LMXT0000000002,LMEX0000000278_IMG_32,LMHA0000000324,right lung lower lobe
LMXT0000000002,LMEX0000000278_IMG_4,LMHA0000000324,right lung lower lobe
LMXT0000000002,LMEX0000000278_IMG_5,LMHA0000000324,right lung lower lobe
LMXT0000000002,LMEX0000000278_IMG_6,LMHA0000000324,right lung lower lobe
LMXT0000000002,LMEX0000000278_IMG_7,LMHA0000000324,right lung lower lobe
LMXT0000000002,LMEX0000000278_IMG_8,LMHA0000000324,right lung lower lobe
LMXT0000000002,LMEX0000000278_IMG_9,LMHA0000000324,right lung lower lobe
LMXT0000000002,LMEX0000000279_IMG_1,LMHA0000000324,right lung lower lobe
LMXT0000000002,LMEX0000000279_IMG_10,LMHA0000000324,right lung lower lobe
LMXT0000000002,LMEX0000000279_IMG_11,LMHA0000000324,right lung lower lobe
LMXT0000000002,LMEX0000000279_IMG_12,LMHA0000000324,right lung lower lobe
LMXT0000000002,LMEX0000000279_IMG_13,LMHA0000000324,right lung lower lobe
LMXT0000000002,LMEX0000000279_IMG_14,LMHA0000000324,right lung lower lobe
LMXT0000000002,LMEX0000000279_IMG_15,LMHA0000000324,right lung lower lobe
LMXT0000000002,LMEX0000000279_IMG_16,LMHA0000000324,right lung lower lobe
LMXT0000000002,LMEX0000000279_IMG_17,LMHA0000000324,right lung lower lobe
LMXT0000000002,LMEX0000000279_IMG_18,LMHA0000000324,right lung lower lobe
LMXT0000000002,LMEX0000000279_IMG_19,LMHA0000000324,right lung lower lobe
LMXT0000000002,LMEX0000000279_IMG_2,LMHA0000000324,right lung lower lobe
LMXT0000000002,LMEX0000000279_IMG_20,LMHA0000000324,right lung lower lobe
LMXT0000000002,LMEX0000000279_IMG_21,LMHA0000000324,right lung lower lobe
LMXT0000000002,LMEX0000000279_IMG_22,LMHA0000000324,right lung lower lobe
LMXT0000000002,LMEX0000000279_IMG_23,LMHA0000000324,right lung lower lobe
LMXT0000000002,LMEX0000000279_IMG_3,LMHA0000000324,right lung lower lobe
LMXT0000000002,LMEX0000000279_IMG_4,LMHA0000000324,right lung lower lobe
LMXT0000000002,LMEX0000000279_IMG_5,LMHA0000000324,right lung lower lobe
LMXT0000000002,LMEX0000000279_IMG_6,LMHA0000000324,right lung lower lobe
LMXT0000000002,LMEX0000000279_IMG_7,LMHA0000000324,right lung lower lobe
LMXT0000000002,LMEX0000000279_IMG_8,LMHA0000000324,right lung lower lobe
LMXT0000000002,LMEX0000000279_IMG_9,LMHA0000000324,right lung lower lobe
LMXT0000000002,LMEX0000000280_IMG_1,LMHA0000000324,right lung lower lobe
LMXT0000000002,LMEX0000000280_IMG_10,LMHA0000000324,right lung lower lobe
LMXT0000000002,LMEX0000000280_IMG_11,LMHA0000000324,right lung lower lobe
LMXT0000000002,LMEX0000000280_IMG_12,LMHA0000000324,right lung lower lobe
LMXT0000000002,LMEX0000000280_IMG_13,LMHA0000000324,right lung lower lobe
LMXT0000000002,LMEX0000000280_IMG_14,LMHA0000000324,right lung lower lobe
LMXT0000000002,LMEX0000000280_IMG_15,LMHA0000000324,right lung lower lobe
LMXT0000000002,LMEX0000000280_IMG_16,LMHA0000000324,right lung lower lobe
LMXT0000000002,LMEX0000000280_IMG_17,LMHA0000000324,right lung lower lobe
LMXT0000000002,LMEX0000000280_IMG_18,LMHA0000000324,right lung lower lobe
LMXT0000000002,LMEX0000000280_IMG_19,LMHA0000000324,right lung lower lobe
LMXT0000000002,LMEX0000000280_IMG_2,LMHA0000000324,right lung lower lobe
LMXT0000000002,LMEX0000000280_IMG_20,LMHA0000000324,right lung lower lobe
LMXT0000000002,LMEX0000000280_IMG_21,LMHA0000000324,right lung lower lobe
LMXT0000000002,LMEX0000000280_IMG_22,LMHA0000000324,right lung lower lobe
LMXT0000000002,LMEX0000000280_IMG_23,LMHA0000000324,right lung lower lobe
LMXT0000000002,LMEX0000000280_IMG_24,LMHA0000000324,right lung lower lobe
LMXT0000000002,LMEX0000000280_IMG_25,LMHA0000000324,right lung lower lobe
LMXT0000000002,LMEX0000000280_IMG_26,LMHA0000000324,right lung lower lobe
LMXT0000000002,LMEX0000000280_IMG_27,LMHA0000000324,right lung lower lobe
LMXT0000000002,LMEX0000000280_IMG_28,LMHA0000000324,right lung lower lobe
LMXT0000000002,LMEX0000000280_IMG_29,LMHA0000000324,right lung lower lobe
LMXT0000000002,LMEX0000000280_IMG_3,LMHA0000000324,right lung lower lobe
LMXT0000000002,LMEX0000000280_IMG_30,LMHA0000000324,right lung lower lobe
LMXT0000000002,LMEX0000000280_IMG_31,LMHA0000000324,right lung lower lobe
LMXT0000000002,LMEX0000000280_IMG_32,LMHA0000000324,right lung lower lobe
LMXT0000000002,LMEX0000000280_IMG_33,LMHA0000000324,right lung lower lobe
LMXT0000000002,LMEX0000000280_IMG_4,LMHA0000000324,right lung lower lobe
LMXT0000000002,LMEX0000000280_IMG_5,LMHA0000000324,right lung lower lobe
LMXT0000000002,LMEX0000000280_IMG_6,LMHA0000000324,right lung lower lobe
LMXT0000000002,LMEX0000000280_IMG_7,LMHA0000000324,right lung lower lobe
LMXT0000000002,LMEX0000000280_IMG_8,LMHA0000000324,right lung lower lobe
LMXT0000000002,LMEX0000000280_IMG_9,LMHA0000000324,right lung lower lobe
LMXT0000000002,LMEX0000000281_IMG_1,LMHA0000000324,right lung lower lobe
LMXT0000000002,LMEX0000000281_IMG_10,LMHA0000000324,right lung lower lobe
LMXT0000000002,LMEX0000000281_IMG_11,LMHA0000000324,right lung lower lobe
LMXT0000000002,LMEX0000000281_IMG_12,LMHA0000000324,right lung lower lobe
LMXT0000000002,LMEX0000000281_IMG_13,LMHA0000000324,right lung lower lobe
LMXT0000000002,LMEX0000000281_IMG_14,LMHA0000000324,right lung lower lobe
LMXT0000000002,LMEX0000000281_IMG_15,LMHA0000000324,right lung lower lobe
LMXT0000000002,LMEX0000000281_IMG_16,LMHA0000000324,right lung lower lobe
LMXT0000000002,LMEX0000000281_IMG_17,LMHA0000000324,right lung lower lobe
LMXT0000000002,LMEX0000000281_IMG_18,LMHA0000000324,right lung lower lobe
LMXT0000000002,LMEX0000000281_IMG_19,LMHA0000000324,right lung lower lobe
LMXT0000000002,LMEX0000000281_IMG_2,LMHA0000000324,right lung lower lobe
LMXT0000000002,LMEX0000000281_IMG_20,LMHA0000000324,right lung lower lobe
LMXT0000000002,LMEX0000000281_IMG_21,LMHA0000000324,right lung lower lobe
LMXT0000000002,LMEX0000000281_IMG_22,LMHA0000000324,right lung lower lobe
LMXT0000000002,LMEX0000000281_IMG_23,LMHA0000000324,right lung lower lobe
LMXT0000000002,LMEX0000000281_IMG_24,LMHA0000000324,right lung lower lobe
LMXT0000000002,LMEX0000000281_IMG_25,LMHA0000000324,right lung lower lobe
LMXT0000000002,LMEX0000000281_IMG_26,LMHA0000000324,right lung lower lobe
LMXT0000000002,LMEX0000000281_IMG_27,LMHA0000000324,right lung lower lobe
LMXT0000000002,LMEX0000000281_IMG_28,LMHA0000000324,right lung lower lobe
LMXT0000000002,LMEX0000000281_IMG_29,LMHA0000000324,right lung lower lobe
LMXT0000000002,LMEX0000000281_IMG_3,LMHA0000000324,right lung lower lobe
LMXT0000000002,LMEX0000000281_IMG_30,LMHA0000000324,right lung lower lobe
LMXT0000000002,LMEX0000000281_IMG_31,LMHA0000000324,right lung lower lobe
LMXT0000000002,LMEX0000000281_IMG_32,LMHA0000000324,right lung lower lobe
LMXT0000000002,LMEX0000000281_IMG_33,LMHA0000000324,right lung lower lobe
LMXT0000000002,LMEX0000000281_IMG_34,LMHA0000000324,right lung lower lobe
LMXT0000000002,LMEX0000000281_IMG_35,LMHA0000000324,right lung lower lobe
LMXT0000000002,LMEX0000000281_IMG_36,LMHA0000000324,right lung lower lobe
LMXT0000000002,LMEX0000000281_IMG_37,LMHA0000000324,right lung lower lobe
LMXT0000000002,LMEX0000000281_IMG_38,LMHA0000000324,right lung lower lobe
LMXT0000000002,LMEX0000000281_IMG_4,LMHA0000000324,right lung lower lobe
LMXT0000000002,LMEX0000000281_IMG_5,LMHA0000000324,right lung lower lobe
LMXT0000000002,LMEX0000000281_IMG_6,LMHA0000000324,right lung lower lobe
LMXT0000000002,LMEX0000000281_IMG_7,LMHA0000000324,right lung lower lobe
LMXT0000000002,LMEX0000000281_IMG_8,LMHA0000000324,right lung lower lobe
LMXT0000000002,LMEX0000000281_IMG_9,LMHA0000000324,right lung lower lobe
LMXT0000000002,LMEX0000000282_IMG_1,LMHA0000000324,right lung lower lobe
LMXT0000000002,LMEX0000000282_IMG_2,LMHA0000000324,right lung lower lobe
LMXT0000000002,LMEX0000000282_IMG_3,LMHA0000000324,right lung lower lobe
LMXT0000000002,LMEX0000000282_IMG_4,LMHA0000000324,right lung lower lobe
LMXT0000000002,LMEX0000000282_IMG_5,LMHA0000000324,right lung lower lobe
LMXT0000000002,LMEX0000000282_IMG_6,LMHA0000000324,right lung lower lobe
LMXT0000000002,LMEX0000000282_IMG_7,LMHA0000000324,right lung lower lobe
LMXT0000000002,LMEX0000000282_IMG_8,LMHA0000000324,right lung lower lobe
LMXT0000000002,LMEX0000000282_IMG_9,LMHA0000000324,right lung lower lobe
LMXT0000000002,LMEX0000000283_IMG_1,LMHA0000000324,right lung lower lobe
LMXT0000000002,LMEX0000000283_IMG_10,LMHA0000000324,right lung lower lobe
LMXT0000000002,LMEX0000000283_IMG_11,LMHA0000000324,right lung lower lobe
LMXT0000000002,LMEX0000000283_IMG_12,LMHA0000000324,right lung lower lobe
LMXT0000000002,LMEX0000000283_IMG_13,LMHA0000000324,right lung lower lobe
LMXT0000000002,LMEX0000000283_IMG_14,LMHA0000000324,right lung lower lobe
LMXT0000000002,LMEX0000000283_IMG_2,LMHA0000000324,right lung lower lobe
LMXT0000000002,LMEX0000000283_IMG_3,LMHA0000000324,right lung lower lobe
LMXT0000000002,LMEX0000000283_IMG_4,LMHA0000000324,right lung lower lobe
LMXT0000000002,LMEX0000000283_IMG_5,LMHA0000000324,right lung lower lobe
LMXT0000000002,LMEX0000000283_IMG_6,LMHA0000000324,right lung lower lobe
LMXT0000000002,LMEX0000000283_IMG_7,LMHA0000000324,right lung lower lobe
LMXT0000000002,LMEX0000000283_IMG_8,LMHA0000000324,right lung lower lobe
LMXT0000000002,LMEX0000000283_IMG_9,LMHA0000000324,right lung lower lobe
LMXT0000000002,LMEX0000000284_IMG_1,LMHA0000000324,right lung lower lobe
LMXT0000000002,LMEX0000000284_IMG_10,LMHA0000000324,right lung lower lobe
LMXT0000000002,LMEX0000000284_IMG_11,LMHA0000000324,right lung lower lobe
LMXT0000000002,LMEX0000000284_IMG_12,LMHA0000000324,right lung lower lobe
LMXT0000000002,LMEX0000000284_IMG_13,LMHA0000000324,right lung lower lobe
LMXT0000000002,LMEX0000000284_IMG_14,LMHA0000000324,right lung lower lobe
LMXT0000000002,LMEX0000000284_IMG_15,LMHA0000000324,right lung lower lobe
LMXT0000000002,LMEX0000000284_IMG_16,LMHA0000000324,right lung lower lobe
LMXT0000000002,LMEX0000000284_IMG_17,LMHA0000000324,right lung lower lobe
LMXT0000000002,LMEX0000000284_IMG_18,LMHA0000000324,right lung lower lobe
LMXT0000000002,LMEX0000000284_IMG_19,LMHA0000000324,right lung lower lobe
LMXT0000000002,LMEX0000000284_IMG_2,LMHA0000000324,right lung lower lobe
LMXT0000000002,LMEX0000000284_IMG_20,LMHA0000000324,right lung lower lobe
LMXT0000000002,LMEX0000000284_IMG_21,LMHA0000000324,right lung lower lobe
LMXT0000000002,LMEX0000000284_IMG_22,LMHA0000000324,right lung lower lobe
LMXT0000000002,LMEX0000000284_IMG_23,LMHA0000000324,right lung lower lobe
LMXT0000000002,LMEX0000000284_IMG_24,LMHA0000000324,right lung lower lobe
LMXT0000000002,LMEX0000000284_IMG_25,LMHA0000000324,right lung lower lobe
LMXT0000000002,LMEX0000000284_IMG_26,LMHA0000000324,right lung lower lobe
LMXT0000000002,LMEX0000000284_IMG_27,LMHA0000000324,right lung lower lobe
LMXT0000000002,LMEX0000000284_IMG_28,LMHA0000000324,right lung lower lobe
LMXT0000000002,LMEX0000000284_IMG_29,LMHA0000000324,right lung lower lobe
LMXT0000000002,LMEX0000000284_IMG_3,LMHA0000000324,right lung lower lobe
LMXT0000000002,LMEX0000000284_IMG_30,LMHA0000000324,right lung lower lobe
LMXT0000000002,LMEX0000000284_IMG_31,LMHA0000000324,right lung lower lobe
LMXT0000000002,LMEX0000000284_IMG_32,LMHA0000000324,right lung lower lobe
LMXT0000000002,LMEX0000000284_IMG_33,LMHA0000000324,right lung lower lobe
LMXT0000000002,LMEX0000000284_IMG_34,LMHA0000000324,right lung lower lobe
LMXT0000000002,LMEX0000000284_IMG_35,LMHA0000000324,right lung lower lobe
LMXT0000000002,LMEX0000000284_IMG_36,LMHA0000000324,right lung lower lobe
LMXT0000000002,LMEX0000000284_IMG_4,LMHA0000000324,right lung lower lobe
LMXT0000000002,LMEX0000000284_IMG_5,LMHA0000000324,right lung lower lobe
LMXT0000000002,LMEX0000000284_IMG_6,LMHA0000000324,right lung lower lobe
LMXT0000000002,LMEX0000000284_IMG_7,LMHA0000000324,right lung lower lobe
LMXT0000000002,LMEX0000000284_IMG_8,LMHA0000000324,right lung lower lobe
LMXT0000000002,LMEX0000000284_IMG_9,LMHA0000000324,right lung lower lobe
LMXT0000000002,LMEX0000000285_IMG_1,LMHA0000000324,right lung lower lobe
LMXT0000000002,LMEX0000000285_IMG_10,LMHA0000000324,right lung lower lobe
LMXT0000000002,LMEX0000000285_IMG_11,LMHA0000000324,right lung lower lobe
LMXT0000000002,LMEX0000000285_IMG_12,LMHA0000000324,right lung lower lobe
LMXT0000000002,LMEX0000000285_IMG_13,LMHA0000000324,right lung lower lobe
LMXT0000000002,LMEX0000000285_IMG_14,LMHA0000000324,right lung lower lobe
LMXT0000000002,LMEX0000000285_IMG_15,LMHA0000000324,right lung lower lobe
LMXT0000000002,LMEX0000000285_IMG_16,LMHA0000000324,right lung lower lobe
LMXT0000000002,LMEX0000000285_IMG_17,LMHA0000000324,right lung lower lobe
LMXT0000000002,LMEX0000000285_IMG_18,LMHA0000000324,right lung lower lobe
LMXT0000000002,LMEX0000000285_IMG_19,LMHA0000000324,right lung lower lobe
LMXT0000000002,LMEX0000000285_IMG_2,LMHA0000000324,right lung lower lobe
LMXT0000000002,LMEX0000000285_IMG_20,LMHA0000000324,right lung lower lobe
LMXT0000000002,LMEX0000000285_IMG_21,LMHA0000000324,right lung lower lobe
LMXT0000000002,LMEX0000000285_IMG_22,LMHA0000000324,right lung lower lobe
LMXT0000000002,LMEX0000000285_IMG_23,LMHA0000000324,right lung lower lobe
LMXT0000000002,LMEX0000000285_IMG_24,LMHA0000000324,right lung lower lobe
LMXT0000000002,LMEX0000000285_IMG_25,LMHA0000000324,right lung lower lobe
LMXT0000000002,LMEX0000000285_IMG_26,LMHA0000000324,right lung lower lobe
LMXT0000000002,LMEX0000000285_IMG_27,LMHA0000000324,right lung lower lobe
LMXT0000000002,LMEX0000000285_IMG_28,LMHA0000000324,right lung lower lobe
LMXT0000000002,LMEX0000000285_IMG_29,LMHA0000000324,right lung lower lobe
LMXT0000000002,LMEX0000000285_IMG_3,LMHA0000000324,right lung lower lobe
LMXT0000000002,LMEX0000000285_IMG_30,LMHA0000000324,right lung lower lobe
LMXT0000000002,LMEX0000000285_IMG_31,LMHA0000000324,right lung lower lobe
LMXT0000000002,LMEX0000000285_IMG_32,LMHA0000000324,right lung lower lobe
LMXT0000000002,LMEX0000000285_IMG_33,LMHA0000000324,right lung lower lobe
LMXT0000000002,LMEX0000000285_IMG_34,LMHA0000000324,right lung lower lobe
LMXT0000000002,LMEX0000000285_IMG_35,LMHA0000000324,right lung lower lobe
LMXT0000000002,LMEX0000000285_IMG_36,LMHA0000000324,right lung lower lobe
LMXT0000000002,LMEX0000000285_IMG_37,LMHA0000000324,right lung lower lobe
LMXT0000000002,LMEX0000000285_IMG_38,LMHA0000000324,right lung lower lobe
LMXT0000000002,LMEX0000000285_IMG_39,LMHA0000000324,right lung lower lobe
LMXT0000000002,LMEX0000000285_IMG_4,LMHA0000000324,right lung lower lobe
LMXT0000000002,LMEX0000000285_IMG_40,LMHA0000000324,right lung lower lobe
LMXT0000000002,LMEX0000000285_IMG_41,LMHA0000000324,right lung lower lobe
LMXT0000000002,LMEX0000000285_IMG_42,LMHA0000000324,right lung lower lobe
LMXT0000000002,LMEX0000000285_IMG_43,LMHA0000000324,right lung lower lobe
LMXT0000000002,LMEX0000000285_IMG_44,LMHA0000000324,right lung lower lobe
LMXT0000000002,LMEX0000000285_IMG_5,LMHA0000000324,right lung lower lobe
LMXT0000000002,LMEX0000000285_IMG_6,LMHA0000000324,right lung lower lobe
LMXT0000000002,LMEX0000000285_IMG_7,LMHA0000000324,right lung lower lobe
LMXT0000000002,LMEX0000000285_IMG_8,LMHA0000000324,right lung lower lobe
LMXT0000000002,LMEX0000000285_IMG_9,LMHA0000000324,right lung lower lobe
LMXT0000000002,LMEX0000000287_IMG_1,LMHA0000000324,right lung lower lobe
LMXT0000000002,LMEX0000000287_IMG_10,LMHA0000000324,right lung lower lobe
LMXT0000000002,LMEX0000000287_IMG_11,LMHA0000000324,right lung lower lobe
LMXT0000000002,LMEX0000000287_IMG_12,LMHA0000000324,right lung lower lobe
LMXT0000000002,LMEX0000000287_IMG_13,LMHA0000000324,right lung lower lobe
LMXT0000000002,LMEX0000000287_IMG_14,LMHA0000000324,right lung lower lobe
LMXT0000000002,LMEX0000000287_IMG_15,LMHA0000000324,right lung lower lobe
LMXT0000000002,LMEX0000000287_IMG_16,LMHA0000000324,right lung lower lobe
LMXT0000000002,LMEX0000000287_IMG_17,LMHA0000000324,right lung lower lobe
LMXT0000000002,LMEX0000000287_IMG_18,LMHA0000000324,right lung lower lobe
LMXT0000000002,LMEX0000000287_IMG_19,LMHA0000000324,right lung lower lobe
LMXT0000000002,LMEX0000000287_IMG_2,LMHA0000000324,right lung lower lobe
LMXT0000000002,LMEX0000000287_IMG_20,LMHA0000000324,right lung lower lobe
LMXT0000000002,LMEX0000000287_IMG_21,LMHA0000000324,right lung lower lobe
LMXT0000000002,LMEX0000000287_IMG_22,LMHA0000000324,right lung lower lobe
LMXT0000000002,LMEX0000000287_IMG_23,LMHA0000000324,right lung lower lobe
LMXT0000000002,LMEX0000000287_IMG_24,LMHA0000000324,right lung lower lobe
LMXT0000000002,LMEX0000000287_IMG_25,LMHA0000000324,right lung lower lobe
LMXT0000000002,LMEX0000000287_IMG_26,LMHA0000000324,right lung lower lobe
LMXT0000000002,LMEX0000000287_IMG_27,LMHA0000000324,right lung lower lobe
LMXT0000000002,LMEX0000000287_IMG_28,LMHA0000000324,right lung lower lobe
LMXT0000000002,LMEX0000000287_IMG_29,LMHA0000000324,right lung lower lobe
LMXT0000000002,LMEX0000000287_IMG_3,LMHA0000000324,right lung lower lobe
LMXT0000000002,LMEX0000000287_IMG_30,LMHA0000000324,right lung lower lobe
LMXT0000000002,LMEX0000000287_IMG_31,LMHA0000000324,right lung lower lobe
LMXT0000000002,LMEX0000000287_IMG_32,LMHA0000000324,right lung lower lobe
LMXT0000000002,LMEX0000000287_IMG_33,LMHA0000000324,right lung lower lobe
LMXT0000000002,LMEX0000000287_IMG_34,LMHA0000000324,right lung lower lobe
LMXT0000000002,LMEX0000000287_IMG_35,LMHA0000000324,right lung lower lobe
LMXT0000000002,LMEX0000000287_IMG_36,LMHA0000000324,right lung lower lobe
LMXT0000000002,LMEX0000000287_IMG_37,LMHA0000000324,right lung lower lobe
LMXT0000000002,LMEX0000000287_IMG_4,LMHA0000000324,right lung lower lobe
LMXT0000000002,LMEX0000000287_IMG_5,LMHA0000000324,right lung lower lobe
LMXT0000000002,LMEX0000000287_IMG_6,LMHA0000000324,right lung lower lobe
LMXT0000000002,LMEX0000000287_IMG_7,LMHA0000000324,right lung lower lobe
LMXT0000000002,LMEX0000000287_IMG_8,LMHA0000000324,right lung lower lobe
LMXT0000000002,LMEX0000000287_IMG_9,LMHA0000000324,right lung lower lobe
LMXT0000000002,LMEX0000000276_IMG_1,LMHA0000000529,left lung lower lobe
LMXT0000000002,LMEX0000000276_IMG_10,LMHA0000000529,left lung lower lobe
LMXT0000000002,LMEX0000000276_IMG_11,LMHA0000000529,left lung lower lobe
LMXT0000000002,LMEX0000000276_IMG_12,LMHA0000000529,left lung lower lobe
LMXT0000000002,LMEX0000000276_IMG_13,LMHA0000000529,left lung lower lobe
LMXT0000000002,LMEX0000000276_IMG_14,LMHA0000000529,left lung lower lobe
LMXT0000000002,LMEX0000000276_IMG_15,LMHA0000000529,left lung lower lobe
LMXT0000000002,LMEX0000000276_IMG_16,LMHA0000000529,left lung lower lobe
LMXT0000000002,LMEX0000000276_IMG_17,LMHA0000000529,left lung lower lobe
LMXT0000000002,LMEX0000000276_IMG_18,LMHA0000000529,left lung lower lobe
LMXT0000000002,LMEX0000000276_IMG_19,LMHA0000000529,left lung lower lobe
LMXT0000000002,LMEX0000000276_IMG_2,LMHA0000000529,left lung lower lobe
LMXT0000000002,LMEX0000000276_IMG_20,LMHA0000000529,left lung lower lobe
LMXT0000000002,LMEX0000000276_IMG_21,LMHA0000000529,left lung lower lobe
LMXT0000000002,LMEX0000000276_IMG_22,LMHA0000000529,left lung lower lobe
LMXT0000000002,LMEX0000000276_IMG_3,LMHA0000000529,left lung lower lobe
LMXT0000000002,LMEX0000000276_IMG_4,LMHA0000000529,left lung lower lobe
LMXT0000000002,LMEX0000000276_IMG_5,LMHA0000000529,left lung lower lobe
LMXT0000000002,LMEX0000000276_IMG_6,LMHA0000000529,left lung lower lobe
LMXT0000000002,LMEX0000000276_IMG_7,LMHA0000000529,left lung lower lobe
LMXT0000000002,LMEX0000000276_IMG_8,LMHA0000000529,left lung lower lobe
LMXT0000000002,LMEX0000000276_IMG_9,LMHA0000000529,left lung lower lobe
LMXT0000000002,LMEX0000000286_IMG_1,LMHA0000000529,left lung lower lobe
LMXT0000000002,LMEX0000000286_IMG_10,LMHA0000000529,left lung lower lobe
LMXT0000000002,LMEX0000000286_IMG_11,LMHA0000000529,left lung lower lobe
LMXT0000000002,LMEX0000000286_IMG_12,LMHA0000000529,left lung lower lobe
LMXT0000000002,LMEX0000000286_IMG_13,LMHA0000000529,left lung lower lobe
LMXT0000000002,LMEX0000000286_IMG_14,LMHA0000000529,left lung lower lobe
LMXT0000000002,LMEX0000000286_IMG_15,LMHA0000000529,left lung lower lobe
LMXT0000000002,LMEX0000000286_IMG_16,LMHA0000000529,left lung lower lobe
LMXT0000000002,LMEX0000000286_IMG_17,LMHA0000000529,left lung lower lobe
LMXT0000000002,LMEX0000000286_IMG_18,LMHA0000000529,left lung lower lobe
LMXT0000000002,LMEX0000000286_IMG_2,LMHA0000000529,left lung lower lobe
LMXT0000000002,LMEX0000000286_IMG_3,LMHA0000000529,left lung lower lobe
LMXT0000000002,LMEX0000000286_IMG_4,LMHA0000000529,left lung lower lobe
LMXT0000000002,LMEX0000000286_IMG_5,LMHA0000000529,left lung lower lobe
LMXT0000000002,LMEX0000000286_IMG_6,LMHA0000000529,left lung lower lobe
LMXT0000000002,LMEX0000000286_IMG_7,LMHA0000000529,left lung lower lobe
LMXT0000000002,LMEX0000000286_IMG_8,LMHA0000000529,left lung lower lobe
LMXT0000000002,LMEX0000000286_IMG_9,LMHA0000000529,left lung lower lobe
LMXT0000000003,LMEX0000000002_IMG_1,LMMA0000000211,lung
LMXT0000000003,LMEX0000000002_IMG_10,LMMA0000000211,lung
LMXT0000000003,LMEX0000000002_IMG_11,LMMA0000000211,lung
LMXT0000000003,LMEX0000000002_IMG_12,LMMA0000000211,lung
LMXT0000000003,LMEX0000000002_IMG_2,LMMA0000000211,lung
LMXT0000000003,LMEX0000000002_IMG_3,LMMA0000000211,lung
LMXT0000000003,LMEX0000000002_IMG_4,LMMA0000000211,lung
LMXT0000000003,LMEX0000000002_IMG_5,LMMA0000000211,lung
LMXT0000000003,LMEX0000000002_IMG_6,LMMA0000000211,lung
LMXT0000000003,LMEX0000000002_IMG_7,LMMA0000000211,lung
LMXT0000000003,LMEX0000000002_IMG_8,LMMA0000000211,lung
LMXT0000000003,LMEX0000000002_IMG_9,LMMA0000000211,lung
LMXT0000000003,LMEX0000000003_IMG_1,LMMA0000000211,lung
LMXT0000000003,LMEX0000000003_IMG_2,LMMA0000000211,lung
LMXT0000000003,LMEX0000000003_IMG_3,LMMA0000000211,lung
LMXT0000000003,LMEX0000000003_IMG_4,LMMA0000000211,lung
LMXT0000000003,LMEX0000000003_IMG_5,LMMA0000000211,lung
LMXT0000000003,LMEX0000000003_IMG_6,LMMA0000000211,lung
LMXT0000000003,LMEX0000000003_IMG_7,LMMA0000000211,lung
LMXT0000000003,LMEX0000000003_IMG_8,LMMA0000000211,lung
LMXT0000000003,LMEX0000000004_IMG_1,LMMA0000000211,lung
LMXT0000000003,LMEX0000000004_IMG_2,LMMA0000000211,lung
LMXT0000000003,LMEX0000000004_IMG_3,LMMA0000000211,lung
LMXT0000000003,LMEX0000000004_IMG_4,LMMA0000000211,lung
LMXT0000000003,LMEX0000000004_IMG_5,LMMA0000000211,lung
LMXT0000000003,LMEX0000000004_IMG_6,LMMA0000000211,lung
LMXT0000000003,LMEX0000000004_IMG_7,LMMA0000000211,lung
LMXT0000000003,LMEX0000000004_IMG_8,LMMA0000000211,lung
LMXT0000000003,LMEX0000000005_IMG_1,LMMA0000000211,lung
LMXT0000000003,LMEX0000000005_IMG_10,LMMA0000000211,lung
LMXT0000000003,LMEX0000000005_IMG_11,LMMA0000000211,lung
LMXT0000000003,LMEX0000000005_IMG_12,LMMA0000000211,lung
LMXT0000000003,LMEX0000000005_IMG_13,LMMA0000000211,lung
LMXT0000000003,LMEX0000000005_IMG_14,LMMA0000000211,lung
LMXT0000000003,LMEX0000000005_IMG_15,LMMA0000000211,lung
LMXT0000000003,LMEX0000000005_IMG_16,LMMA0000000211,lung
LMXT0000000003,LMEX0000000005_IMG_17,LMMA0000000211,lung
LMXT0000000003,LMEX0000000005_IMG_18,LMMA0000000211,lung
LMXT0000000003,LMEX0000000005_IMG_2,LMMA0000000211,lung
LMXT0000000003,LMEX0000000005_IMG_3,LMMA0000000211,lung
LMXT0000000003,LMEX0000000005_IMG_4,LMMA0000000211,lung
LMXT0000000003,LMEX0000000005_IMG_5,LMMA0000000211,lung
LMXT0000000003,LMEX0000000005_IMG_6,LMMA0000000211,lung
LMXT0000000003,LMEX0000000005_IMG_7,LMMA0000000211,lung
LMXT0000000003,LMEX0000000005_IMG_8,LMMA0000000211,lung
LMXT0000000003,LMEX0000000005_IMG_9,LMMA0000000211,lung
LMXT0000000003,LMEX0000000006_IMG_1,LMMA0000000211,lung
LMXT0000000003,LMEX0000000006_IMG_2,LMMA0000000211,lung
LMXT0000000003,LMEX0000000006_IMG_3,LMMA0000000211,lung
LMXT0000000003,LMEX0000000006_IMG_4,LMMA0000000211,lung
LMXT0000000003,LMEX0000000006_IMG_5,LMMA0000000211,lung
LMXT0000000003,LMEX0000000006_IMG_6,LMMA0000000211,lung
LMXT0000000003,LMEX0000000006_IMG_7,LMMA0000000211,lung
LMXT0000000003,LMEX0000000006_IMG_8,LMMA0000000211,lung
LMXT0000000003,LMEX0000000006_IMG_9,LMMA0000000211,lung
LMXT0000000003,LMEX0000000007_IMG_1,LMMA0000000211,lung
LMXT0000000003,LMEX0000000007_IMG_2,LMMA0000000211,lung
LMXT0000000003,LMEX0000000007_IMG_3,LMMA0000000211,lung
LMXT0000000003,LMEX0000000007_IMG_4,LMMA0000000211,lung
LMXT0000000003,LMEX0000000007_IMG_5,LMMA0000000211,lung
LMXT0000000003,LMEX0000000007_IMG_6,LMMA0000000211,lung
LMXT0000000003,LMEX0000000007_IMG_7,LMMA0000000211,lung
LMXT0000000003,LMEX0000000008_IMG_1,LMMA0000000211,lung
LMXT0000000003,LMEX0000000008_IMG_2,LMMA0000000211,lung
LMXT0000000003,LMEX0000000008_IMG_3,LMMA0000000211,lung
LMXT0000000003,LMEX0000000008_IMG_4,LMMA0000000211,lung
LMXT0000000003,LMEX0000000008_IMG_5,LMMA0000000211,lung
LMXT0000000003,LMEX0000000008_IMG_6,LMMA0000000211,lung
LMXT0000000003,LMEX0000000008_IMG_7,LMMA0000000211,lung
LMXT0000000003,LMEX0000000008_IMG_8,LMMA0000000211,lung
LMXT0000000003,LMEX0000000008_IMG_9,LMMA0000000211,lung
LMXT0000000003,LMEX0000000009_IMG_1,LMMA0000000211,lung
LMXT0000000003,LMEX0000000009_IMG_10,LMMA0000000211,lung
LMXT0000000003,LMEX0000000009_IMG_11,LMMA0000000211,lung
LMXT0000000003,LMEX0000000009_IMG_12,LMMA0000000211,lung
LMXT0000000003,LMEX0000000009_IMG_13,LMMA0000000211,lung
LMXT0000000003,LMEX0000000009_IMG_14,LMMA0000000211,lung
LMXT0000000003,LMEX0000000009_IMG_15,LMMA0000000211,lung
LMXT0000000003,LMEX0000000009_IMG_16,LMMA0000000211,lung
LMXT0000000003,LMEX0000000009_IMG_17,LMMA0000000211,lung
LMXT0000000003,LMEX0000000009_IMG_18,LMMA0000000211,lung
LMXT0000000003,LMEX0000000009_IMG_2,LMMA0000000211,lung
LMXT0000000003,LMEX0000000009_IMG_3,LMMA0000000211,lung
LMXT0000000003,LMEX0000000009_IMG_4,LMMA0000000211,lung
LMXT0000000003,LMEX0000000009_IMG_5,LMMA0000000211,lung
LMXT0000000003,LMEX0000000009_IMG_6,LMMA0000000211,lung
LMXT0000000003,LMEX0000000009_IMG_7,LMMA0000000211,lung
LMXT0000000003,LMEX0000000009_IMG_8,LMMA0000000211,lung
LMXT0000000003,LMEX0000000009_IMG_9,LMMA0000000211,lung
LMXT0000000003,LMEX0000000014_IMG_1,LMMA0000000211,lung
LMXT0000000003,LMEX0000000014_IMG_10,LMMA0000000211,lung
LMXT0000000003,LMEX0000000014_IMG_11,LMMA0000000211,lung
LMXT0000000003,LMEX0000000014_IMG_12,LMMA0000000211,lung
LMXT0000000003,LMEX0000000014_IMG_2,LMMA0000000211,lung
LMXT0000000003,LMEX0000000014_IMG_3,LMMA0000000211,lung
LMXT0000000003,LMEX0000000014_IMG_4,LMMA0000000211,lung
LMXT0000000003,LMEX0000000014_IMG_5,LMMA0000000211,lung
LMXT0000000003,LMEX0000000014_IMG_6,LMMA0000000211,lung
LMXT0000000003,LMEX0000000014_IMG_7,LMMA0000000211,lung
LMXT0000000003,LMEX0000000014_IMG_8,LMMA0000000211,lung
LMXT0000000003,LMEX0000000014_IMG_9,LMMA0000000211,lung
LMXT0000000003,LMEX0000000015_IMG_1,LMMA0000000211,lung
LMXT0000000003,LMEX0000000015_IMG_2,LMMA0000000211,lung
LMXT0000000003,LMEX0000000015_IMG_3,LMMA0000000211,lung
LMXT0000000003,LMEX0000000015_IMG_4,LMMA0000000211,lung
LMXT0000000003,LMEX0000000015_IMG_5,LMMA0000000211,lung
LMXT0000000003,LMEX0000000015_IMG_6,LMMA0000000211,lung
LMXT0000000003,LMEX0000000015_IMG_7,LMMA0000000211,lung
LMXT0000000003,LMEX0000000015_IMG_8,LMMA0000000211,lung
LMXT0000000003,LMEX0000000015_IMG_9,LMMA0000000211,lung
LMXT0000000003,LMEX0000000016_IMG_1,LMMA0000000211,lung
LMXT0000000003,LMEX0000000016_IMG_10,LMMA0000000211,lung
LMXT0000000003,LMEX0000000016_IMG_2,LMMA0000000211,lung
LMXT0000000003,LMEX0000000016_IMG_3,LMMA0000000211,lung
LMXT0000000003,LMEX0000000016_IMG_4,LMMA0000000211,lung
LMXT0000000003,LMEX0000000016_IMG_5,LMMA0000000211,lung
LMXT0000000003,LMEX0000000016_IMG_6,LMMA0000000211,lung
LMXT0000000003,LMEX0000000016_IMG_7,LMMA0000000211,lung
LMXT0000000003,LMEX0000000016_IMG_8,LMMA0000000211,lung
LMXT0000000003,LMEX0000000016_IMG_9,LMMA0000000211,lung
LMXT0000000003,LMEX0000000017_IMG_1,LMMA0000000211,lung
LMXT0000000003,LMEX0000000017_IMG_2,LMMA0000000211,lung
LMXT0000000003,LMEX0000000017_IMG_3,LMMA0000000211,lung
LMXT0000000003,LMEX0000000017_IMG_4,LMMA0000000211,lung
LMXT0000000003,LMEX0000000017_IMG_5,LMMA0000000211,lung
LMXT0000000003,LMEX0000000017_IMG_6,LMMA0000000211,lung
LMXT0000000003,LMEX0000000017_IMG_7,LMMA0000000211,lung
LMXT0000000003,LMEX0000000017_IMG_8,LMMA0000000211,lung
LMXT0000000003,LMEX0000000017_IMG_9,LMMA0000000211,lung
LMXT0000000003,LMEX0000000018_IMG_1,LMMA0000000211,lung
LMXT0000000003,LMEX0000000018_IMG_10,LMMA0000000211,lung
LMXT0000000003,LMEX0000000018_IMG_11,LMMA0000000211,lung
LMXT0000000003,LMEX0000000018_IMG_12,LMMA0000000211,lung
LMXT0000000003,LMEX0000000018_IMG_13,LMMA0000000211,lung
LMXT0000000003,LMEX0000000018_IMG_14,LMMA0000000211,lung
LMXT0000000003,LMEX0000000018_IMG_15,LMMA0000000211,lung
LMXT0000000003,LMEX0000000018_IMG_2,LMMA0000000211,lung
LMXT0000000003,LMEX0000000018_IMG_3,LMMA0000000211,lung
LMXT0000000003,LMEX0000000018_IMG_4,LMMA0000000211,lung
LMXT0000000003,LMEX0000000018_IMG_5,LMMA0000000211,lung
LMXT0000000003,LMEX0000000018_IMG_6,LMMA0000000211,lung
LMXT0000000003,LMEX0000000018_IMG_7,LMMA0000000211,lung
LMXT0000000003,LMEX0000000018_IMG_8,LMMA0000000211,lung
LMXT0000000003,LMEX0000000018_IMG_9,LMMA0000000211,lung
LMXT0000000003,LMEX0000000019_IMG_1,LMMA0000000211,lung
LMXT0000000003,LMEX0000000019_IMG_2,LMMA0000000211,lung
LMXT0000000003,LMEX0000000019_IMG_3,LMMA0000000211,lung
LMXT0000000003,LMEX0000000019_IMG_4,LMMA0000000211,lung
LMXT0000000003,LMEX0000000019_IMG_5,LMMA0000000211,lung
LMXT0000000003,LMEX0000000019_IMG_6,LMMA0000000211,lung
LMXT0000000003,LMEX0000000019_IMG_7,LMMA0000000211,lung
LMXT0000000003,LMEX0000000020_IMG_1,LMMA0000000211,lung
LMXT0000000003,LMEX0000000020_IMG_10,LMMA0000000211,lung
LMXT0000000003,LMEX0000000020_IMG_2,LMMA0000000211,lung
LMXT0000000003,LMEX0000000020_IMG_3,LMMA0000000211,lung
LMXT0000000003,LMEX0000000020_IMG_4,LMMA0000000211,lung
LMXT0000000003,LMEX0000000020_IMG_5,LMMA0000000211,lung
LMXT0000000003,LMEX0000000020_IMG_6,LMMA0000000211,lung
LMXT0000000003,LMEX0000000020_IMG_7,LMMA0000000211,lung
LMXT0000000003,LMEX0000000020_IMG_8,LMMA0000000211,lung
LMXT0000000003,LMEX0000000020_IMG_9,LMMA0000000211,lung
LMXT0000000003,LMEX0000000021_IMG_1,LMMA0000000211,lung
LMXT0000000003,LMEX0000000021_IMG_10,LMMA0000000211,lung
LMXT0000000003,LMEX0000000021_IMG_11,LMMA0000000211,lung
LMXT0000000003,LMEX0000000021_IMG_12,LMMA0000000211,lung
LMXT0000000003,LMEX0000000021_IMG_13,LMMA0000000211,lung
LMXT0000000003,LMEX0000000021_IMG_14,LMMA0000000211,lung
LMXT0000000003,LMEX0000000021_IMG_15,LMMA0000000211,lung
LMXT0000000003,LMEX0000000021_IMG_2,LMMA0000000211,lung
LMXT0000000003,LMEX0000000021_IMG_3,LMMA0000000211,lung
LMXT0000000003,LMEX0000000021_IMG_4,LMMA0000000211,lung
LMXT0000000003,LMEX0000000021_IMG_5,LMMA0000000211,lung
LMXT0000000003,LMEX0000000021_IMG_6,LMMA0000000211,lung
LMXT0000000003,LMEX0000000021_IMG_7,LMMA0000000211,lung
LMXT0000000003,LMEX0000000021_IMG_8,LMMA0000000211,lung
LMXT0000000003,LMEX0000000021_IMG_9,LMMA0000000211,lung
LMXT0000000003,LMEX0000000024_IMG_1,LMMA0000000211,lung
LMXT0000000003,LMEX0000000024_IMG_2,LMMA0000000211,lung
LMXT0000000003,LMEX0000000024_IMG_3,LMMA0000000211,lung
LMXT0000000003,LMEX0000000024_IMG_4,LMMA0000000211,lung
LMXT0000000003,LMEX0000000024_IMG_5,LMMA0000000211,lung
LMXT0000000003,LMEX0000000024_IMG_6,LMMA0000000211,lung
LMXT0000000003,LMEX0000000025_IMG_1,LMMA0000000211,lung
LMXT0000000003,LMEX0000000025_IMG_10,LMMA0000000211,lung
LMXT0000000003,LMEX0000000025_IMG_11,LMMA0000000211,lung
LMXT0000000003,LMEX0000000025_IMG_2,LMMA0000000211,lung
LMXT0000000003,LMEX0000000025_IMG_3,LMMA0000000211,lung
LMXT0000000003,LMEX0000000025_IMG_4,LMMA0000000211,lung
LMXT0000000003,LMEX0000000025_IMG_5,LMMA0000000211,lung
LMXT0000000003,LMEX0000000025_IMG_6,LMMA0000000211,lung
LMXT0000000003,LMEX0000000025_IMG_7,LMMA0000000211,lung
LMXT0000000003,LMEX0000000025_IMG_8,LMMA0000000211,lung
LMXT0000000003,LMEX0000000025_IMG_9,LMMA0000000211,lung
LMXT0000000003,LMEX0000000026_IMG_1,LMMA0000000211,lung
LMXT0000000003,LMEX0000000026_IMG_2,LMMA0000000211,lung
LMXT0000000003,LMEX0000000026_IMG_3,LMMA0000000211,lung
LMXT0000000003,LMEX0000000026_IMG_4,LMMA0000000211,lung
LMXT0000000003,LMEX0000000026_IMG_5,LMMA0000000211,lung
LMXT0000000003,LMEX0000000026_IMG_6,LMMA0000000211,lung
LMXT0000000003,LMEX0000000026_IMG_7,LMMA0000000211,lung
LMXT0000000003,LMEX0000000026_IMG_8,LMMA0000000211,lung
LMXT0000000003,LMEX0000000026_IMG_9,LMMA0000000211,lung
LMXT0000000003,LMEX0000000027_IMG_1,LMMA0000000211,lung
LMXT0000000003,LMEX0000000027_IMG_10,LMMA0000000211,lung
LMXT0000000003,LMEX0000000027_IMG_11,LMMA0000000211,lung
LMXT0000000003,LMEX0000000027_IMG_2,LMMA0000000211,lung
LMXT0000000003,LMEX0000000027_IMG_3,LMMA0000000211,lung
LMXT0000000003,LMEX0000000027_IMG_4,LMMA0000000211,lung
LMXT0000000003,LMEX0000000027_IMG_5,LMMA0000000211,lung
LMXT0000000003,LMEX0000000027_IMG_6,LMMA0000000211,lung
LMXT0000000003,LMEX0000000027_IMG_7,LMMA0000000211,lung
LMXT0000000003,LMEX0000000027_IMG_8,LMMA0000000211,lung
LMXT0000000003,LMEX0000000027_IMG_9,LMMA0000000211,lung
LMXT0000000003,LMEX0000000028_IMG_1,LMMA0000000211,lung
LMXT0000000003,LMEX0000000028_IMG_10,LMMA0000000211,lung
LMXT0000000003,LMEX0000000028_IMG_11,LMMA0000000211,lung
LMXT0000000003,LMEX0000000028_IMG_12,LMMA0000000211,lung
LMXT0000000003,LMEX0000000028_IMG_13,LMMA0000000211,lung
LMXT0000000003,LMEX0000000028_IMG_14,LMMA0000000211,lung
LMXT0000000003,LMEX0000000028_IMG_15,LMMA0000000211,lung
LMXT0000000003,LMEX0000000028_IMG_2,LMMA0000000211,lung
LMXT0000000003,LMEX0000000028_IMG_3,LMMA0000000211,lung
LMXT0000000003,LMEX0000000028_IMG_4,LMMA0000000211,lung
LMXT0000000003,LMEX0000000028_IMG_5,LMMA0000000211,lung
LMXT0000000003,LMEX0000000028_IMG_6,LMMA0000000211,lung
LMXT0000000003,LMEX0000000028_IMG_7,LMMA0000000211,lung
LMXT0000000003,LMEX0000000028_IMG_8,LMMA0000000211,lung
LMXT0000000003,LMEX0000000028_IMG_9,LMMA0000000211,lung
LMXT0000000003,LMEX0000000029_IMG_1,LMMA0000000211,lung
LMXT0000000003,LMEX0000000029_IMG_2,LMMA0000000211,lung
LMXT0000000003,LMEX0000000029_IMG_3,LMMA0000000211,lung
LMXT0000000003,LMEX0000000029_IMG_4,LMMA0000000211,lung
LMXT0000000003,LMEX0000000029_IMG_5,LMMA0000000211,lung
LMXT0000000003,LMEX0000000029_IMG_6,LMMA0000000211,lung
LMXT0000000003,LMEX0000000029_IMG_7,LMMA0000000211,lung
LMXT0000000003,LMEX0000000029_IMG_8,LMMA0000000211,lung
LMXT0000000003,LMEX0000000029_IMG_9,LMMA0000000211,lung
LMXT0000000003,LMEX0000000030_IMG_1,LMMA0000000211,lung
LMXT0000000003,LMEX0000000030_IMG_2,LMMA0000000211,lung
LMXT0000000003,LMEX0000000030_IMG_3,LMMA0000000211,lung
LMXT0000000003,LMEX0000000030_IMG_4,LMMA0000000211,lung
LMXT0000000003,LMEX0000000030_IMG_5,LMMA0000000211,lung
LMXT0000000003,LMEX0000000030_IMG_6,LMMA0000000211,lung
LMXT0000000003,LMEX0000000030_IMG_7,LMMA0000000211,lung
LMXT0000000003,LMEX0000000030_IMG_8,LMMA0000000211,lung
LMXT0000000003,LMEX0000000030_IMG_9,LMMA0000000211,lung
LMXT0000000003,LMEX0000000031_IMG_1,LMMA0000000211,lung
LMXT0000000003,LMEX0000000031_IMG_2,LMMA0000000211,lung
LMXT0000000003,LMEX0000000031_IMG_3,LMMA0000000211,lung
LMXT0000000003,LMEX0000000031_IMG_4,LMMA0000000211,lung
LMXT0000000003,LMEX0000000031_IMG_5,LMMA0000000211,lung
LMXT0000000003,LMEX0000000031_IMG_6,LMMA0000000211,lung
LMXT0000000003,LMEX0000000031_IMG_7,LMMA0000000211,lung
LMXT0000000003,LMEX0000000031_IMG_8,LMMA0000000211,lung
LMXT0000000003,LMEX0000000031_IMG_9,LMMA0000000211,lung
LMXT0000000003,LMEX0000000032_IMG_1,LMMA0000000211,lung
LMXT0000000003,LMEX0000000032_IMG_10,LMMA0000000211,lung
LMXT0000000003,LMEX0000000032_IMG_11,LMMA0000000211,lung
LMXT0000000003,LMEX0000000032_IMG_12,LMMA0000000211,lung
LMXT0000000003,LMEX0000000032_IMG_13,LMMA0000000211,lung
LMXT0000000003,LMEX0000000032_IMG_2,LMMA0000000211,lung
LMXT0000000003,LMEX0000000032_IMG_3,LMMA0000000211,lung
LMXT0000000003,LMEX0000000032_IMG_4,LMMA0000000211,lung
LMXT0000000003,LMEX0000000032_IMG_5,LMMA0000000211,lung
LMXT0000000003,LMEX0000000032_IMG_6,LMMA0000000211,lung
LMXT0000000003,LMEX0000000032_IMG_7,LMMA0000000211,lung
LMXT0000000003,LMEX0000000032_IMG_8,LMMA0000000211,lung
LMXT0000000003,LMEX0000000032_IMG_9,LMMA0000000211,lung
LMXT0000000003,LMEX0000000033_IMG_1,LMMA0000000211,lung
LMXT0000000003,LMEX0000000033_IMG_10,LMMA0000000211,lung
LMXT0000000003,LMEX0000000033_IMG_2,LMMA0000000211,lung
LMXT0000000003,LMEX0000000033_IMG_3,LMMA0000000211,lung
LMXT0000000003,LMEX0000000033_IMG_4,LMMA0000000211,lung
LMXT0000000003,LMEX0000000033_IMG_5,LMMA0000000211,lung
LMXT0000000003,LMEX0000000033_IMG_6,LMMA0000000211,lung
LMXT0000000003,LMEX0000000033_IMG_7,LMMA0000000211,lung
LMXT0000000003,LMEX0000000033_IMG_8,LMMA0000000211,lung
LMXT0000000003,LMEX0000000033_IMG_9,LMMA0000000211,lung
LMXT0000000003,LMEX0000000034_IMG_1,LMMA0000000211,lung
LMXT0000000003,LMEX0000000034_IMG_2,LMMA0000000211,lung
LMXT0000000003,LMEX0000000034_IMG_3,LMMA0000000211,lung
LMXT0000000003,LMEX0000000034_IMG_4,LMMA0000000211,lung
LMXT0000000003,LMEX0000000034_IMG_5,LMMA0000000211,lung
LMXT0000000003,LMEX0000000034_IMG_6,LMMA0000000211,lung
LMXT0000000003,LMEX0000000034_IMG_7,LMMA0000000211,lung
LMXT0000000003,LMEX0000000034_IMG_8,LMMA0000000211,lung
LMXT0000000003,LMEX0000000034_IMG_9,LMMA0000000211,lung
LMXT0000000003,LMEX0000000035_IMG_1,LMMA0000000211,lung
LMXT0000000003,LMEX0000000035_IMG_2,LMMA0000000211,lung
LMXT0000000003,LMEX0000000035_IMG_3,LMMA0000000211,lung
LMXT0000000003,LMEX0000000035_IMG_4,LMMA0000000211,lung
LMXT0000000003,LMEX0000000035_IMG_5,LMMA0000000211,lung
LMXT0000000003,LMEX0000000035_IMG_6,LMMA0000000211,lung
LMXT0000000003,LMEX0000000036_IMG_1,LMMA0000000211,lung
LMXT0000000003,LMEX0000000036_IMG_10,LMMA0000000211,lung
LMXT0000000003,LMEX0000000036_IMG_2,LMMA0000000211,lung
LMXT0000000003,LMEX0000000036_IMG_3,LMMA0000000211,lung
LMXT0000000003,LMEX0000000036_IMG_4,LMMA0000000211,lung
LMXT0000000003,LMEX0000000036_IMG_5,LMMA0000000211,lung
LMXT0000000003,LMEX0000000036_IMG_6,LMMA0000000211,lung
LMXT0000000003,LMEX0000000036_IMG_7,LMMA0000000211,lung
LMXT0000000003,LMEX0000000036_IMG_8,LMMA0000000211,lung
LMXT0000000003,LMEX0000000036_IMG_9,LMMA0000000211,lung
LMXT0000000003,LMEX0000000037_IMG_1,LMMA0000000211,lung
LMXT0000000003,LMEX0000000037_IMG_10,LMMA0000000211,lung
LMXT0000000003,LMEX0000000037_IMG_2,LMMA0000000211,lung
LMXT0000000003,LMEX0000000037_IMG_3,LMMA0000000211,lung
LMXT0000000003,LMEX0000000037_IMG_4,LMMA0000000211,lung
LMXT0000000003,LMEX0000000037_IMG_5,LMMA0000000211,lung
LMXT0000000003,LMEX0000000037_IMG_6,LMMA0000000211,lung
LMXT0000000003,LMEX0000000037_IMG_7,LMMA0000000211,lung
LMXT0000000003,LMEX0000000037_IMG_8,LMMA0000000211,lung
LMXT0000000003,LMEX0000000037_IMG_9,LMMA0000000211,lung
LMXT0000000003,LMEX0000000038_IMG_1,LMMA0000000211,lung
LMXT0000000003,LMEX0000000038_IMG_2,LMMA0000000211,lung
LMXT0000000003,LMEX0000000038_IMG_3,LMMA0000000211,lung
LMXT0000000003,LMEX0000000038_IMG_4,LMMA0000000211,lung
LMXT0000000003,LMEX0000000038_IMG_5,LMMA0000000211,lung
LMXT0000000003,LMEX0000000038_IMG_6,LMMA0000000211,lung
LMXT0000000003,LMEX0000000038_IMG_7,LMMA0000000211,lung
LMXT0000000003,LMEX0000000038_IMG_8,LMMA0000000211,lung
LMXT0000000003,LMEX0000000039_IMG_1,LMMA0000000211,lung
LMXT0000000003,LMEX0000000039_IMG_2,LMMA0000000211,lung
LMXT0000000003,LMEX0000000039_IMG_3,LMMA0000000211,lung
LMXT0000000003,LMEX0000000039_IMG_4,LMMA0000000211,lung
LMXT0000000003,LMEX0000000039_IMG_5,LMMA0000000211,lung
LMXT0000000003,LMEX0000000039_IMG_6,LMMA0000000211,lung
LMXT0000000003,LMEX0000000039_IMG_7,LMMA0000000211,lung
LMXT0000000003,LMEX0000000040_IMG_1,LMMA0000000211,lung
LMXT0000000003,LMEX0000000040_IMG_10,LMMA0000000211,lung
LMXT0000000003,LMEX0000000040_IMG_2,LMMA0000000211,lung
LMXT0000000003,LMEX0000000040_IMG_3,LMMA0000000211,lung
LMXT0000000003,LMEX0000000040_IMG_4,LMMA0000000211,lung
LMXT0000000003,LMEX0000000040_IMG_5,LMMA0000000211,lung
LMXT0000000003,LMEX0000000040_IMG_6,LMMA0000000211,lung
LMXT0000000003,LMEX0000000040_IMG_7,LMMA0000000211,lung
LMXT0000000003,LMEX0000000040_IMG_8,LMMA0000000211,lung
LMXT0000000003,LMEX0000000040_IMG_9,LMMA0000000211,lung
LMXT0000000003,LMEX0000000041_IMG_1,LMMA0000000211,lung
LMXT0000000003,LMEX0000000041_IMG_2,LMMA0000000211,lung
LMXT0000000003,LMEX0000000041_IMG_3,LMMA0000000211,lung
LMXT0000000003,LMEX0000000041_IMG_4,LMMA0000000211,lung
LMXT0000000003,LMEX0000000041_IMG_5,LMMA0000000211,lung
LMXT0000000003,LMEX0000000041_IMG_6,LMMA0000000211,lung
LMXT0000000003,LMEX0000000041_IMG_7,LMMA0000000211,lung
LMXT0000000003,LMEX0000000042_IMG_1,LMMA0000000211,lung
LMXT0000000003,LMEX0000000042_IMG_10,LMMA0000000211,lung
LMXT0000000003,LMEX0000000042_IMG_2,LMMA0000000211,lung
LMXT0000000003,LMEX0000000042_IMG_3,LMMA0000000211,lung
LMXT0000000003,LMEX0000000042_IMG_4,LMMA0000000211,lung
LMXT0000000003,LMEX0000000042_IMG_5,LMMA0000000211,lung
LMXT0000000003,LMEX0000000042_IMG_6,LMMA0000000211,lung
LMXT0000000003,LMEX0000000042_IMG_7,LMMA0000000211,lung
LMXT0000000003,LMEX0000000042_IMG_8,LMMA0000000211,lung
LMXT0000000003,LMEX0000000042_IMG_9,LMMA0000000211,lung
LMXT0000000003,LMEX0000000043_IMG_1,LMMA0000000211,lung
LMXT0000000003,LMEX0000000043_IMG_2,LMMA0000000211,lung
LMXT0000000003,LMEX0000000043_IMG_3,LMMA0000000211,lung
LMXT0000000003,LMEX0000000043_IMG_4,LMMA0000000211,lung
LMXT0000000003,LMEX0000000043_IMG_5,LMMA0000000211,lung
LMXT0000000003,LMEX0000000043_IMG_6,LMMA0000000211,lung
LMXT0000000003,LMEX0000000043_IMG_7,LMMA0000000211,lung
LMXT0000000003,LMEX0000000043_IMG_8,LMMA0000000211,lung
LMXT0000000003,LMEX0000000043_IMG_9,LMMA0000000211,lung
LMXT0000000003,LMEX0000000044_IMG_1,LMMA0000000211,lung
LMXT0000000003,LMEX0000000044_IMG_2,LMMA0000000211,lung
LMXT0000000003,LMEX0000000044_IMG_3,LMMA0000000211,lung
LMXT0000000003,LMEX0000000044_IMG_4,LMMA0000000211,lung
LMXT0000000003,LMEX0000000044_IMG_5,LMMA0000000211,lung
LMXT0000000003,LMEX0000000044_IMG_6,LMMA0000000211,lung
LMXT0000000003,LMEX0000000044_IMG_7,LMMA0000000211,lung
LMXT0000000003,LMEX0000000044_IMG_8,LMMA0000000211,lung
LMXT0000000003,LMEX0000000044_IMG_9,LMMA0000000211,lung
LMXT0000000003,LMEX0000000045_IMG_1,LMMA0000000211,lung
LMXT0000000003,LMEX0000000045_IMG_2,LMMA0000000211,lung
LMXT0000000003,LMEX0000000045_IMG_3,LMMA0000000211,lung
LMXT0000000003,LMEX0000000045_IMG_4,LMMA0000000211,lung
LMXT0000000003,LMEX0000000045_IMG_5,LMMA0000000211,lung
LMXT0000000003,LMEX0000000045_IMG_6,LMMA0000000211,lung
LMXT0000000003,LMEX0000000046_IMG_1,LMMA0000000211,lung
LMXT0000000003,LMEX0000000046_IMG_10,LMMA0000000211,lung
LMXT0000000003,LMEX0000000046_IMG_11,LMMA0000000211,lung
LMXT0000000003,LMEX0000000046_IMG_12,LMMA0000000211,lung
LMXT0000000003,LMEX0000000046_IMG_2,LMMA0000000211,lung
LMXT0000000003,LMEX0000000046_IMG_3,LMMA0000000211,lung
LMXT0000000003,LMEX0000000046_IMG_4,LMMA0000000211,lung
LMXT0000000003,LMEX0000000046_IMG_5,LMMA0000000211,lung
LMXT0000000003,LMEX0000000046_IMG_6,LMMA0000000211,lung
LMXT0000000003,LMEX0000000046_IMG_7,LMMA0000000211,lung
LMXT0000000003,LMEX0000000046_IMG_8,LMMA0000000211,lung
LMXT0000000003,LMEX0000000046_IMG_9,LMMA0000000211,lung
LMXT0000000003,LMEX0000000047_IMG_1,LMMA0000000211,lung
LMXT0000000003,LMEX0000000047_IMG_2,LMMA0000000211,lung
LMXT0000000003,LMEX0000000047_IMG_3,LMMA0000000211,lung
LMXT0000000003,LMEX0000000047_IMG_4,LMMA0000000211,lung
LMXT0000000003,LMEX0000000047_IMG_5,LMMA0000000211,lung
LMXT0000000003,LMEX0000000049_IMG_1,LMMA0000000211,lung
LMXT0000000003,LMEX0000000049_IMG_2,LMMA0000000211,lung
LMXT0000000003,LMEX0000000049_IMG_3,LMMA0000000211,lung
LMXT0000000003,LMEX0000000049_IMG_4,LMMA0000000211,lung
LMXT0000000003,LMEX0000000049_IMG_5,LMMA0000000211,lung
LMXT0000000003,LMEX0000000049_IMG_6,LMMA0000000211,lung
LMXT0000000003,LMEX0000000049_IMG_7,LMMA0000000211,lung
LMXT0000000003,LMEX0000000049_IMG_8,LMMA0000000211,lung
LMXT0000000003,LMEX0000000049_IMG_9,LMMA0000000211,lung
LMXT0000000003,LMEX0000000050_IMG_1,LMMA0000000211,lung
LMXT0000000003,LMEX0000000050_IMG_10,LMMA0000000211,lung
LMXT0000000003,LMEX0000000050_IMG_11,LMMA0000000211,lung
LMXT0000000003,LMEX0000000050_IMG_12,LMMA0000000211,lung
LMXT0000000003,LMEX0000000050_IMG_13,LMMA0000000211,lung
LMXT0000000003,LMEX0000000050_IMG_2,LMMA0000000211,lung
LMXT0000000003,LMEX0000000050_IMG_3,LMMA0000000211,lung
LMXT0000000003,LMEX0000000050_IMG_4,LMMA0000000211,lung
LMXT0000000003,LMEX0000000050_IMG_5,LMMA0000000211,lung
LMXT0000000003,LMEX0000000050_IMG_6,LMMA0000000211,lung
LMXT0000000003,LMEX0000000050_IMG_7,LMMA0000000211,lung
LMXT0000000003,LMEX0000000050_IMG_8,LMMA0000000211,lung
LMXT0000000003,LMEX0000000050_IMG_9,LMMA0000000211,lung
LMXT0000000003,LMEX0000000051_IMG_1,LMMA0000000211,lung
LMXT0000000003,LMEX0000000051_IMG_2,LMMA0000000211,lung
LMXT0000000003,LMEX0000000051_IMG_3,LMMA0000000211,lung
LMXT0000000003,LMEX0000000051_IMG_4,LMMA0000000211,lung
LMXT0000000003,LMEX0000000051_IMG_5,LMMA0000000211,lung
LMXT0000000003,LMEX0000000051_IMG_6,LMMA0000000211,lung
LMXT0000000003,LMEX0000000051_IMG_7,LMMA0000000211,lung
LMXT0000000003,LMEX0000000052_IMG_1,LMMA0000000211,lung
LMXT0000000003,LMEX0000000052_IMG_2,LMMA0000000211,lung
LMXT0000000003,LMEX0000000052_IMG_3,LMMA0000000211,lung
LMXT0000000003,LMEX0000000052_IMG_4,LMMA0000000211,lung
LMXT0000000003,LMEX0000000052_IMG_5,LMMA0000000211,lung
LMXT0000000003,LMEX0000000052_IMG_6,LMMA0000000211,lung
LMXT0000000003,LMEX0000000052_IMG_7,LMMA0000000211,lung
LMXT0000000003,LMEX0000000052_IMG_8,LMMA0000000211,lung
LMXT0000000003,LMEX0000000052_IMG_9,LMMA0000000211,lung
LMXT0000000003,LMEX0000000053_IMG_1,LMMA0000000211,lung
LMXT0000000003,LMEX0000000053_IMG_2,LMMA0000000211,lung
LMXT0000000003,LMEX0000000053_IMG_3,LMMA0000000211,lung
LMXT0000000003,LMEX0000000053_IMG_4,LMMA0000000211,lung
LMXT0000000003,LMEX0000000053_IMG_5,LMMA0000000211,lung
LMXT0000000003,LMEX0000000053_IMG_6,LMMA0000000211,lung
LMXT0000000003,LMEX0000000053_IMG_7,LMMA0000000211,lung
LMXT0000000003,LMEX0000000054_IMG_1,LMMA0000000211,lung
LMXT0000000003,LMEX0000000054_IMG_10,LMMA0000000211,lung
LMXT0000000003,LMEX0000000054_IMG_2,LMMA0000000211,lung
LMXT0000000003,LMEX0000000054_IMG_3,LMMA0000000211,lung
LMXT0000000003,LMEX0000000054_IMG_4,LMMA0000000211,lung
LMXT0000000003,LMEX0000000054_IMG_5,LMMA0000000211,lung
LMXT0000000003,LMEX0000000054_IMG_6,LMMA0000000211,lung
LMXT0000000003,LMEX0000000054_IMG_7,LMMA0000000211,lung
LMXT0000000003,LMEX0000000054_IMG_8,LMMA0000000211,lung
LMXT0000000003,LMEX0000000054_IMG_9,LMMA0000000211,lung
LMXT0000000003,LMEX0000000055_IMG_1,LMMA0000000211,lung
LMXT0000000003,LMEX0000000055_IMG_2,LMMA0000000211,lung
LMXT0000000003,LMEX0000000055_IMG_3,LMMA0000000211,lung
LMXT0000000003,LMEX0000000055_IMG_4,LMMA0000000211,lung
LMXT0000000003,LMEX0000000055_IMG_5,LMMA0000000211,lung
LMXT0000000003,LMEX0000000055_IMG_6,LMMA0000000211,lung
LMXT0000000003,LMEX0000000055_IMG_7,LMMA0000000211,lung
LMXT0000000003,LMEX0000000055_IMG_8,LMMA0000000211,lung
LMXT0000000003,LMEX0000000056_IMG_1,LMMA0000000211,lung
LMXT0000000003,LMEX0000000056_IMG_2,LMMA0000000211,lung
LMXT0000000003,LMEX0000000056_IMG_3,LMMA0000000211,lung
LMXT0000000003,LMEX0000000056_IMG_4,LMMA0000000211,lung
LMXT0000000003,LMEX0000000056_IMG_5,LMMA0000000211,lung
LMXT0000000003,LMEX0000000056_IMG_6,LMMA0000000211,lung
LMXT0000000003,LMEX0000000056_IMG_7,LMMA0000000211,lung
LMXT0000000003,LMEX0000000056_IMG_8,LMMA0000000211,lung
LMXT0000000003,LMEX0000000057_IMG_1,LMMA0000000211,lung
LMXT0000000003,LMEX0000000057_IMG_2,LMMA0000000211,lung
LMXT0000000003,LMEX0000000057_IMG_3,LMMA0000000211,lung
LMXT0000000003,LMEX0000000057_IMG_4,LMMA0000000211,lung
LMXT0000000003,LMEX0000000057_IMG_5,LMMA0000000211,lung
LMXT0000000003,LMEX0000000057_IMG_6,LMMA0000000211,lung
LMXT0000000003,LMEX0000000057_IMG_7,LMMA0000000211,lung
LMXT0000000003,LMEX0000000057_IMG_8,LMMA0000000211,lung
LMXT0000000003,LMEX0000000058_IMG_1,LMMA0000000211,lung
LMXT0000000003,LMEX0000000058_IMG_10,LMMA0000000211,lung
LMXT0000000003,LMEX0000000058_IMG_11,LMMA0000000211,lung
LMXT0000000003,LMEX0000000058_IMG_12,LMMA0000000211,lung
LMXT0000000003,LMEX0000000058_IMG_13,LMMA0000000211,lung
LMXT0000000003,LMEX0000000058_IMG_14,LMMA0000000211,lung
LMXT0000000003,LMEX0000000058_IMG_15,LMMA0000000211,lung
LMXT0000000003,LMEX0000000058_IMG_2,LMMA0000000211,lung
LMXT0000000003,LMEX0000000058_IMG_3,LMMA0000000211,lung
LMXT0000000003,LMEX0000000058_IMG_4,LMMA0000000211,lung
LMXT0000000003,LMEX0000000058_IMG_5,LMMA0000000211,lung
LMXT0000000003,LMEX0000000058_IMG_6,LMMA0000000211,lung
LMXT0000000003,LMEX0000000058_IMG_7,LMMA0000000211,lung
LMXT0000000003,LMEX0000000058_IMG_8,LMMA0000000211,lung
LMXT0000000003,LMEX0000000058_IMG_9,LMMA0000000211,lung
LMXT0000000003,LMEX0000000059_IMG_1,LMMA0000000211,lung
LMXT0000000003,LMEX0000000059_IMG_2,LMMA0000000211,lung
LMXT0000000003,LMEX0000000059_IMG_3,LMMA0000000211,lung
LMXT0000000003,LMEX0000000059_IMG_4,LMMA0000000211,lung
LMXT0000000003,LMEX0000000059_IMG_5,LMMA0000000211,lung
LMXT0000000003,LMEX0000000059_IMG_6,LMMA0000000211,lung
LMXT0000000003,LMEX0000000059_IMG_7,LMMA0000000211,lung
LMXT0000000003,LMEX0000000059_IMG_8,LMMA0000000211,lung
LMXT0000000003,LMEX0000000060_IMG_1,LMMA0000000211,lung
LMXT0000000003,LMEX0000000060_IMG_10,LMMA0000000211,lung
LMXT0000000003,LMEX0000000060_IMG_11,LMMA0000000211,lung
LMXT0000000003,LMEX0000000060_IMG_12,LMMA0000000211,lung
LMXT0000000003,LMEX0000000060_IMG_13,LMMA0000000211,lung
LMXT0000000003,LMEX0000000060_IMG_14,LMMA0000000211,lung
LMXT0000000003,LMEX0000000060_IMG_15,LMMA0000000211,lung
LMXT0000000003,LMEX0000000060_IMG_2,LMMA0000000211,lung
LMXT0000000003,LMEX0000000060_IMG_3,LMMA0000000211,lung
LMXT0000000003,LMEX0000000060_IMG_4,LMMA0000000211,lung
LMXT0000000003,LMEX0000000060_IMG_5,LMMA0000000211,lung
LMXT0000000003,LMEX0000000060_IMG_6,LMMA0000000211,lung
LMXT0000000003,LMEX0000000060_IMG_7,LMMA0000000211,lung
LMXT0000000003,LMEX0000000060_IMG_8,LMMA0000000211,lung
LMXT0000000003,LMEX0000000060_IMG_9,LMMA0000000211,lung
LMXT0000000003,LMEX0000000061_IMG_1,LMMA0000000211,lung
LMXT0000000003,LMEX0000000061_IMG_2,LMMA0000000211,lung
LMXT0000000003,LMEX0000000061_IMG_3,LMMA0000000211,lung
LMXT0000000003,LMEX0000000061_IMG_4,LMMA0000000211,lung
LMXT0000000003,LMEX0000000061_IMG_5,LMMA0000000211,lung
LMXT0000000003,LMEX0000000061_IMG_6,LMMA0000000211,lung
LMXT0000000003,LMEX0000000061_IMG_7,LMMA0000000211,lung
LMXT0000000003,LMEX0000000061_IMG_8,LMMA0000000211,lung
LMXT0000000003,LMEX0000000062_IMG_1,LMMA0000000211,lung
LMXT0000000003,LMEX0000000062_IMG_2,LMMA0000000211,lung
LMXT0000000003,LMEX0000000062_IMG_3,LMMA0000000211,lung
LMXT0000000003,LMEX0000000062_IMG_4,LMMA0000000211,lung
LMXT0000000003,LMEX0000000062_IMG_5,LMMA0000000211,lung
LMXT0000000003,LMEX0000000062_IMG_6,LMMA0000000211,lung
LMXT0000000003,LMEX0000000063_IMG_1,LMMA0000000211,lung
LMXT0000000003,LMEX0000000063_IMG_10,LMMA0000000211,lung
LMXT0000000003,LMEX0000000063_IMG_2,LMMA0000000211,lung
LMXT0000000003,LMEX0000000063_IMG_3,LMMA0000000211,lung
LMXT0000000003,LMEX0000000063_IMG_4,LMMA0000000211,lung
LMXT0000000003,LMEX0000000063_IMG_5,LMMA0000000211,lung
LMXT0000000003,LMEX0000000063_IMG_6,LMMA0000000211,lung
LMXT0000000003,LMEX0000000063_IMG_7,LMMA0000000211,lung
LMXT0000000003,LMEX0000000063_IMG_8,LMMA0000000211,lung
LMXT0000000003,LMEX0000000063_IMG_9,LMMA0000000211,lung
LMXT0000000003,LMEX0000000064_IMG_1,LMMA0000000211,lung
LMXT0000000003,LMEX0000000064_IMG_10,LMMA0000000211,lung
LMXT0000000003,LMEX0000000064_IMG_11,LMMA0000000211,lung
LMXT0000000003,LMEX0000000064_IMG_12,LMMA0000000211,lung
LMXT0000000003,LMEX0000000064_IMG_13,LMMA0000000211,lung
LMXT0000000003,LMEX0000000064_IMG_14,LMMA0000000211,lung
LMXT0000000003,LMEX0000000064_IMG_2,LMMA0000000211,lung
LMXT0000000003,LMEX0000000064_IMG_3,LMMA0000000211,lung
LMXT0000000003,LMEX0000000064_IMG_4,LMMA0000000211,lung
LMXT0000000003,LMEX0000000064_IMG_5,LMMA0000000211,lung
LMXT0000000003,LMEX0000000064_IMG_6,LMMA0000000211,lung
LMXT0000000003,LMEX0000000064_IMG_7,LMMA0000000211,lung
LMXT0000000003,LMEX0000000064_IMG_8,LMMA0000000211,lung
LMXT0000000003,LMEX0000000064_IMG_9,LMMA0000000211,lung
LMXT0000000003,LMEX0000000065_IMG_1,LMMA0000000211,lung
LMXT0000000003,LMEX0000000065_IMG_10,LMMA0000000211,lung
LMXT0000000003,LMEX0000000065_IMG_11,LMMA0000000211,lung
LMXT0000000003,LMEX0000000065_IMG_12,LMMA0000000211,lung
LMXT0000000003,LMEX0000000065_IMG_2,LMMA0000000211,lung
LMXT0000000003,LMEX0000000065_IMG_3,LMMA0000000211,lung
LMXT0000000003,LMEX0000000065_IMG_4,LMMA0000000211,lung
LMXT0000000003,LMEX0000000065_IMG_5,LMMA0000000211,lung
LMXT0000000003,LMEX0000000065_IMG_6,LMMA0000000211,lung
LMXT0000000003,LMEX0000000065_IMG_7,LMMA0000000211,lung
LMXT0000000003,LMEX0000000065_IMG_8,LMMA0000000211,lung
LMXT0000000003,LMEX0000000065_IMG_9,LMMA0000000211,lung
LMXT0000000003,LMEX0000000066_IMG_1,LMMA0000000211,lung
LMXT0000000003,LMEX0000000066_IMG_10,LMMA0000000211,lung
LMXT0000000003,LMEX0000000066_IMG_11,LMMA0000000211,lung
LMXT0000000003,LMEX0000000066_IMG_2,LMMA0000000211,lung
LMXT0000000003,LMEX0000000066_IMG_3,LMMA0000000211,lung
LMXT0000000003,LMEX0000000066_IMG_4,LMMA0000000211,lung
LMXT0000000003,LMEX0000000066_IMG_5,LMMA0000000211,lung
LMXT0000000003,LMEX0000000066_IMG_6,LMMA0000000211,lung
LMXT0000000003,LMEX0000000066_IMG_7,LMMA0000000211,lung
LMXT0000000003,LMEX0000000066_IMG_8,LMMA0000000211,lung
LMXT0000000003,LMEX0000000066_IMG_9,LMMA0000000211,lung
LMXT0000000003,LMEX0000000067_IMG_1,LMMA0000000211,lung
LMXT0000000003,LMEX0000000067_IMG_2,LMMA0000000211,lung
LMXT0000000003,LMEX0000000067_IMG_3,LMMA0000000211,lung
LMXT0000000003,LMEX0000000067_IMG_4,LMMA0000000211,lung
LMXT0000000003,LMEX0000000067_IMG_5,LMMA0000000211,lung
LMXT0000000003,LMEX0000000067_IMG_6,LMMA0000000211,lung
LMXT0000000003,LMEX0000000067_IMG_7,LMMA0000000211,lung
LMXT0000000003,LMEX0000000068_IMG_1,LMMA0000000211,lung
LMXT0000000003,LMEX0000000068_IMG_2,LMMA0000000211,lung
LMXT0000000003,LMEX0000000068_IMG_3,LMMA0000000211,lung
LMXT0000000003,LMEX0000000068_IMG_4,LMMA0000000211,lung
LMXT0000000003,LMEX0000000068_IMG_5,LMMA0000000211,lung
LMXT0000000003,LMEX0000000068_IMG_6,LMMA0000000211,lung
LMXT0000000003,LMEX0000000068_IMG_7,LMMA0000000211,lung
LMXT0000000003,LMEX0000000068_IMG_8,LMMA0000000211,lung
LMXT0000000003,LMEX0000000068_IMG_9,LMMA0000000211,lung
LMXT0000000003,LMEX0000000069_IMG_1,LMMA0000000211,lung
LMXT0000000003,LMEX0000000069_IMG_10,LMMA0000000211,lung
LMXT0000000003,LMEX0000000069_IMG_11,LMMA0000000211,lung
LMXT0000000003,LMEX0000000069_IMG_12,LMMA0000000211,lung
LMXT0000000003,LMEX0000000069_IMG_2,LMMA0000000211,lung
LMXT0000000003,LMEX0000000069_IMG_3,LMMA0000000211,lung
LMXT0000000003,LMEX0000000069_IMG_4,LMMA0000000211,lung
LMXT0000000003,LMEX0000000069_IMG_5,LMMA0000000211,lung
LMXT0000000003,LMEX0000000069_IMG_6,LMMA0000000211,lung
LMXT0000000003,LMEX0000000069_IMG_7,LMMA0000000211,lung
LMXT0000000003,LMEX0000000069_IMG_8,LMMA0000000211,lung
LMXT0000000003,LMEX0000000069_IMG_9,LMMA0000000211,lung
LMXT0000000003,LMEX0000000070_IMG_1,LMMA0000000211,lung
LMXT0000000003,LMEX0000000070_IMG_2,LMMA0000000211,lung
LMXT0000000003,LMEX0000000070_IMG_3,LMMA0000000211,lung
LMXT0000000003,LMEX0000000070_IMG_4,LMMA0000000211,lung
LMXT0000000003,LMEX0000000070_IMG_5,LMMA0000000211,lung
LMXT0000000003,LMEX0000000070_IMG_6,LMMA0000000211,lung
LMXT0000000003,LMEX0000000070_IMG_7,LMMA0000000211,lung
LMXT0000000003,LMEX0000000070_IMG_8,LMMA0000000211,lung
LMXT0000000003,LMEX0000000071_IMG_1,LMMA0000000211,lung
LMXT0000000003,LMEX0000000071_IMG_2,LMMA0000000211,lung
LMXT0000000003,LMEX0000000071_IMG_3,LMMA0000000211,lung
LMXT0000000003,LMEX0000000071_IMG_4,LMMA0000000211,lung
LMXT0000000003,LMEX0000000071_IMG_5,LMMA0000000211,lung
LMXT0000000003,LMEX0000000071_IMG_6,LMMA0000000211,lung
LMXT0000000003,LMEX0000000071_IMG_7,LMMA0000000211,lung
LMXT0000000003,LMEX0000000071_IMG_8,LMMA0000000211,lung
LMXT0000000003,LMEX0000000072_IMG_1,LMMA0000000211,lung
LMXT0000000003,LMEX0000000072_IMG_2,LMMA0000000211,lung
LMXT0000000003,LMEX0000000072_IMG_3,LMMA0000000211,lung
LMXT0000000003,LMEX0000000072_IMG_4,LMMA0000000211,lung
LMXT0000000003,LMEX0000000072_IMG_5,LMMA0000000211,lung
LMXT0000000003,LMEX0000000072_IMG_6,LMMA0000000211,lung
LMXT0000000003,LMEX0000000073_IMG_1,LMMA0000000211,lung
LMXT0000000003,LMEX0000000073_IMG_2,LMMA0000000211,lung
LMXT0000000003,LMEX0000000073_IMG_3,LMMA0000000211,lung
LMXT0000000003,LMEX0000000073_IMG_4,LMMA0000000211,lung
LMXT0000000003,LMEX0000000073_IMG_5,LMMA0000000211,lung
LMXT0000000003,LMEX0000000073_IMG_6,LMMA0000000211,lung
LMXT0000000003,LMEX0000000073_IMG_7,LMMA0000000211,lung
LMXT0000000003,LMEX0000000073_IMG_8,LMMA0000000211,lung
LMXT0000000004,LMEX0000000076_IMG_1,LMMA0000000199,left lung
LMXT0000000004,LMEX0000000074_IMG_1,LMMA0000000211,lung
LMXT0000000004,LMEX0000000075_IMG_1,LMMA0000000211,lung
LMXT0000000004,LMEX0000000077_IMG_1,LMMA0000000324,right lung lower lobe
LMXT0000000003,LMEX0000000573_IMG_1,LMMA0000000211,lung
LMXT0000000003,LMEX0000000573_IMG_10,LMMA0000000211,lung
LMXT0000000003,LMEX0000000573_IMG_11,LMMA0000000211,lung
LMXT0000000003,LMEX0000000573_IMG_12,LMMA0000000211,lung
LMXT0000000003,LMEX0000000573_IMG_2,LMMA0000000211,lung
LMXT0000000003,LMEX0000000573_IMG_3,LMMA0000000211,lung
LMXT0000000003,LMEX0000000573_IMG_4,LMMA0000000211,lung
LMXT0000000003,LMEX0000000573_IMG_5,LMMA0000000211,lung
LMXT0000000003,LMEX0000000573_IMG_6,LMMA0000000211,lung
LMXT0000000003,LMEX0000000573_IMG_7,LMMA0000000211,lung
LMXT0000000003,LMEX0000000573_IMG_8,LMMA0000000211,lung
LMXT0000000003,LMEX0000000573_IMG_9,LMMA0000000211,lung
LMXT0000000003,LMEX0000000592_IMG_1,LMMA0000000211,lung
LMXT0000000003,LMEX0000000592_IMG_10,LMMA0000000211,lung
LMXT0000000003,LMEX0000000592_IMG_11,LMMA0000000211,lung
LMXT0000000003,LMEX0000000592_IMG_2,LMMA0000000211,lung
LMXT0000000003,LMEX0000000592_IMG_3,LMMA0000000211,lung
LMXT0000000003,LMEX0000000592_IMG_4,LMMA0000000211,lung
LMXT0000000003,LMEX0000000592_IMG_5,LMMA0000000211,lung
LMXT0000000003,LMEX0000000592_IMG_6,LMMA0000000211,lung
LMXT0000000003,LMEX0000000592_IMG_7,LMMA0000000211,lung
LMXT0000000003,LMEX0000000592_IMG_8,LMMA0000000211,lung
LMXT0000000003,LMEX0000000592_IMG_9,LMMA0000000211,lung
LMXT0000000003,LMEX0000000593_IMG_1,LMMA0000000211,lung
LMXT0000000003,LMEX0000000593_IMG_10,LMMA0000000211,lung
LMXT0000000003,LMEX0000000593_IMG_2,LMMA0000000211,lung
LMXT0000000003,LMEX0000000593_IMG_3,LMMA0000000211,lung
LMXT0000000003,LMEX0000000593_IMG_4,LMMA0000000211,lung
LMXT0000000003,LMEX0000000593_IMG_5,LMMA0000000211,lung
LMXT0000000003,LMEX0000000593_IMG_6,LMMA0000000211,lung
LMXT0000000003,LMEX0000000593_IMG_7,LMMA0000000211,lung
LMXT0000000003,LMEX0000000593_IMG_8,LMMA0000000211,lung
LMXT0000000003,LMEX0000000593_IMG_9,LMMA0000000211,lung
LMXT0000000003,LMEX0000000594_IMG_1,LMMA0000000211,lung
LMXT0000000003,LMEX0000000594_IMG_10,LMMA0000000211,lung
LMXT0000000003,LMEX0000000594_IMG_11,LMMA0000000211,lung
LMXT0000000003,LMEX0000000594_IMG_12,LMMA0000000211,lung
LMXT0000000003,LMEX0000000594_IMG_13,LMMA0000000211,lung
LMXT0000000003,LMEX0000000594_IMG_2,LMMA0000000211,lung
LMXT0000000003,LMEX0000000594_IMG_3,LMMA0000000211,lung
LMXT0000000003,LMEX0000000594_IMG_4,LMMA0000000211,lung
LMXT0000000003,LMEX0000000594_IMG_5,LMMA0000000211,lung
LMXT0000000003,LMEX0000000594_IMG_6,LMMA0000000211,lung
LMXT0000000003,LMEX0000000594_IMG_7,LMMA0000000211,lung
LMXT0000000003,LMEX0000000594_IMG_8,LMMA0000000211,lung
LMXT0000000003,LMEX0000000594_IMG_9,LMMA0000000211,lung
LMXT0000000003,LMEX0000000598_IMG_1,LMMA0000000211,lung
LMXT0000000003,LMEX0000000598_IMG_10,LMMA0000000211,lung
LMXT0000000003,LMEX0000000598_IMG_11,LMMA0000000211,lung
LMXT0000000003,LMEX0000000598_IMG_12,LMMA0000000211,lung
LMXT0000000003,LMEX0000000598_IMG_2,LMMA0000000211,lung
LMXT0000000003,LMEX0000000598_IMG_3,LMMA0000000211,lung
LMXT0000000003,LMEX0000000598_IMG_4,LMMA0000000211,lung
LMXT0000000003,LMEX0000000598_IMG_5,LMMA0000000211,lung
LMXT0000000003,LMEX0000000598_IMG_6,LMMA0000000211,lung
LMXT0000000003,LMEX0000000598_IMG_7,LMMA0000000211,lung
LMXT0000000003,LMEX0000000598_IMG_8,LMMA0000000211,lung
LMXT0000000003,LMEX0000000598_IMG_9,LMMA0000000211,lung
LMXT0000000003,LMEX0000000599_IMG_1,LMMA0000000211,lung
LMXT0000000003,LMEX0000000599_IMG_10,LMMA0000000211,lung
LMXT0000000003,LMEX0000000599_IMG_11,LMMA0000000211,lung
LMXT0000000003,LMEX0000000599_IMG_12,LMMA0000000211,lung
LMXT0000000003,LMEX0000000599_IMG_2,LMMA0000000211,lung
LMXT0000000003,LMEX0000000599_IMG_3,LMMA0000000211,lung
LMXT0000000003,LMEX0000000599_IMG_4,LMMA0000000211,lung
LMXT0000000003,LMEX0000000599_IMG_5,LMMA0000000211,lung
LMXT0000000003,LMEX0000000599_IMG_6,LMMA0000000211,lung
LMXT0000000003,LMEX0000000599_IMG_7,LMMA0000000211,lung
LMXT0000000003,LMEX0000000599_IMG_8,LMMA0000000211,lung
LMXT0000000003,LMEX0000000599_IMG_9,LMMA0000000211,lung
LMXT0000000003,LMEX0000000600_IMG_1,LMMA0000000211,lung
LMXT0000000003,LMEX0000000600_IMG_10,LMMA0000000211,lung
LMXT0000000003,LMEX0000000600_IMG_11,LMMA0000000211,lung
LMXT0000000003,LMEX0000000600_IMG_2,LMMA0000000211,lung
LMXT0000000003,LMEX0000000600_IMG_3,LMMA0000000211,lung
LMXT0000000003,LMEX0000000600_IMG_4,LMMA0000000211,lung
LMXT0000000003,LMEX0000000600_IMG_5,LMMA0000000211,lung
LMXT0000000003,LMEX0000000600_IMG_6,LMMA0000000211,lung
LMXT0000000003,LMEX0000000600_IMG_7,LMMA0000000211,lung
LMXT0000000003,LMEX0000000600_IMG_8,LMMA0000000211,lung
LMXT0000000003,LMEX0000000600_IMG_9,LMMA0000000211,lung
LMXT0000000003,LMEX0000000572_IMG_1,LMMA0000000211,lung
LMXT0000000003,LMEX0000000572_IMG_10,LMMA0000000211,lung
LMXT0000000003,LMEX0000000572_IMG_2,LMMA0000000211,lung
LMXT0000000003,LMEX0000000572_IMG_3,LMMA0000000211,lung
LMXT0000000003,LMEX0000000572_IMG_4,LMMA0000000211,lung
LMXT0000000003,LMEX0000000572_IMG_5,LMMA0000000211,lung
LMXT0000000003,LMEX0000000572_IMG_6,LMMA0000000211,lung
LMXT0000000003,LMEX0000000572_IMG_7,LMMA0000000211,lung
LMXT0000000003,LMEX0000000572_IMG_8,LMMA0000000211,lung
LMXT0000000003,LMEX0000000572_IMG_9,LMMA0000000211,lung
LMXT0000000003,LMEX0000000574_IMG_1,LMMA0000000211,lung
LMXT0000000003,LMEX0000000574_IMG_10,LMMA0000000211,lung
LMXT0000000003,LMEX0000000574_IMG_11,LMMA0000000211,lung
LMXT0000000003,LMEX0000000574_IMG_12,LMMA0000000211,lung
LMXT0000000003,LMEX0000000574_IMG_13,LMMA0000000211,lung
LMXT0000000003,LMEX0000000574_IMG_2,LMMA0000000211,lung
LMXT0000000003,LMEX0000000574_IMG_3,LMMA0000000211,lung
LMXT0000000003,LMEX0000000574_IMG_4,LMMA0000000211,lung
LMXT0000000003,LMEX0000000574_IMG_5,LMMA0000000211,lung
LMXT0000000003,LMEX0000000574_IMG_6,LMMA0000000211,lung
LMXT0000000003,LMEX0000000574_IMG_7,LMMA0000000211,lung
LMXT0000000003,LMEX0000000574_IMG_8,LMMA0000000211,lung
LMXT0000000003,LMEX0000000574_IMG_9,LMMA0000000211,lung
LMXT0000000003,LMEX0000000575_IMG_1,LMMA0000000211,lung
LMXT0000000003,LMEX0000000575_IMG_10,LMMA0000000211,lung
LMXT0000000003,LMEX0000000575_IMG_2,LMMA0000000211,lung
LMXT0000000003,LMEX0000000575_IMG_3,LMMA0000000211,lung
LMXT0000000003,LMEX0000000575_IMG_4,LMMA0000000211,lung
LMXT0000000003,LMEX0000000575_IMG_5,LMMA0000000211,lung
LMXT0000000003,LMEX0000000575_IMG_6,LMMA0000000211,lung
LMXT0000000003,LMEX0000000575_IMG_7,LMMA0000000211,lung
LMXT0000000003,LMEX0000000575_IMG_8,LMMA0000000211,lung
LMXT0000000003,LMEX0000000575_IMG_9,LMMA0000000211,lung
LMXT0000000003,LMEX0000000576_IMG_1,LMMA0000000211,lung
LMXT0000000003,LMEX0000000576_IMG_10,LMMA0000000211,lung
LMXT0000000003,LMEX0000000576_IMG_11,LMMA0000000211,lung
LMXT0000000003,LMEX0000000576_IMG_12,LMMA0000000211,lung
LMXT0000000003,LMEX0000000576_IMG_13,LMMA0000000211,lung
LMXT0000000003,LMEX0000000576_IMG_2,LMMA0000000211,lung
LMXT0000000003,LMEX0000000576_IMG_3,LMMA0000000211,lung
LMXT0000000003,LMEX0000000576_IMG_4,LMMA0000000211,lung
LMXT0000000003,LMEX0000000576_IMG_5,LMMA0000000211,lung
LMXT0000000003,LMEX0000000576_IMG_6,LMMA0000000211,lung
LMXT0000000003,LMEX0000000576_IMG_7,LMMA0000000211,lung
LMXT0000000003,LMEX0000000576_IMG_8,LMMA0000000211,lung
LMXT0000000003,LMEX0000000576_IMG_9,LMMA0000000211,lung
LMXT0000000003,LMEX0000000577_IMG_1,LMMA0000000211,lung
LMXT0000000003,LMEX0000000577_IMG_10,LMMA0000000211,lung
LMXT0000000003,LMEX0000000577_IMG_11,LMMA0000000211,lung
LMXT0000000003,LMEX0000000577_IMG_12,LMMA0000000211,lung
LMXT0000000003,LMEX0000000577_IMG_13,LMMA0000000211,lung
LMXT0000000003,LMEX0000000577_IMG_2,LMMA0000000211,lung
LMXT0000000003,LMEX0000000577_IMG_3,LMMA0000000211,lung
LMXT0000000003,LMEX0000000577_IMG_4,LMMA0000000211,lung
LMXT0000000003,LMEX0000000577_IMG_5,LMMA0000000211,lung
LMXT0000000003,LMEX0000000577_IMG_6,LMMA0000000211,lung
LMXT0000000003,LMEX0000000577_IMG_7,LMMA0000000211,lung
LMXT0000000003,LMEX0000000577_IMG_8,LMMA0000000211,lung
LMXT0000000003,LMEX0000000577_IMG_9,LMMA0000000211,lung
LMXT0000000003,LMEX0000000578_IMG_1,LMMA0000000211,lung
LMXT0000000003,LMEX0000000578_IMG_10,LMMA0000000211,lung
LMXT0000000003,LMEX0000000578_IMG_11,LMMA0000000211,lung
LMXT0000000003,LMEX0000000578_IMG_2,LMMA0000000211,lung
LMXT0000000003,LMEX0000000578_IMG_3,LMMA0000000211,lung
LMXT0000000003,LMEX0000000578_IMG_4,LMMA0000000211,lung
LMXT0000000003,LMEX0000000578_IMG_5,LMMA0000000211,lung
LMXT0000000003,LMEX0000000578_IMG_6,LMMA0000000211,lung
LMXT0000000003,LMEX0000000578_IMG_7,LMMA0000000211,lung
LMXT0000000003,LMEX0000000578_IMG_8,LMMA0000000211,lung
LMXT0000000003,LMEX0000000578_IMG_9,LMMA0000000211,lung
LMXT0000000003,LMEX0000000579_IMG_1,LMMA0000000211,lung
LMXT0000000003,LMEX0000000579_IMG_2,LMMA0000000211,lung
LMXT0000000003,LMEX0000000579_IMG_3,LMMA0000000211,lung
LMXT0000000003,LMEX0000000579_IMG_4,LMMA0000000211,lung
LMXT0000000003,LMEX0000000579_IMG_5,LMMA0000000211,lung
LMXT0000000003,LMEX0000000579_IMG_6,LMMA0000000211,lung
LMXT0000000003,LMEX0000000579_IMG_7,LMMA0000000211,lung
LMXT0000000003,LMEX0000000580_IMG_1,LMMA0000000211,lung
LMXT0000000003,LMEX0000000580_IMG_10,LMMA0000000211,lung
LMXT0000000003,LMEX0000000580_IMG_11,LMMA0000000211,lung
LMXT0000000003,LMEX0000000580_IMG_12,LMMA0000000211,lung
LMXT0000000003,LMEX0000000580_IMG_13,LMMA0000000211,lung
LMXT0000000003,LMEX0000000580_IMG_14,LMMA0000000211,lung
LMXT0000000003,LMEX0000000580_IMG_15,LMMA0000000211,lung
LMXT0000000003,LMEX0000000580_IMG_2,LMMA0000000211,lung
LMXT0000000003,LMEX0000000580_IMG_3,LMMA0000000211,lung
LMXT0000000003,LMEX0000000580_IMG_4,LMMA0000000211,lung
LMXT0000000003,LMEX0000000580_IMG_5,LMMA0000000211,lung
LMXT0000000003,LMEX0000000580_IMG_6,LMMA0000000211,lung
LMXT0000000003,LMEX0000000580_IMG_7,LMMA0000000211,lung
LMXT0000000003,LMEX0000000580_IMG_8,LMMA0000000211,lung
LMXT0000000003,LMEX0000000580_IMG_9,LMMA0000000211,lung
LMXT0000000003,LMEX0000000581_IMG_1,LMMA0000000211,lung
LMXT0000000003,LMEX0000000581_IMG_2,LMMA0000000211,lung
LMXT0000000003,LMEX0000000581_IMG_3,LMMA0000000211,lung
LMXT0000000003,LMEX0000000581_IMG_4,LMMA0000000211,lung
LMXT0000000003,LMEX0000000581_IMG_5,LMMA0000000211,lung
LMXT0000000003,LMEX0000000581_IMG_6,LMMA0000000211,lung
LMXT0000000003,LMEX0000000581_IMG_7,LMMA0000000211,lung
LMXT0000000003,LMEX0000000581_IMG_8,LMMA0000000211,lung
LMXT0000000003,LMEX0000000582_IMG_1,LMMA0000000211,lung
LMXT0000000003,LMEX0000000582_IMG_10,LMMA0000000211,lung
LMXT0000000003,LMEX0000000582_IMG_11,LMMA0000000211,lung
LMXT0000000003,LMEX0000000582_IMG_12,LMMA0000000211,lung
LMXT0000000003,LMEX0000000582_IMG_13,LMMA0000000211,lung
LMXT0000000003,LMEX0000000582_IMG_14,LMMA0000000211,lung
LMXT0000000003,LMEX0000000582_IMG_15,LMMA0000000211,lung
LMXT0000000003,LMEX0000000582_IMG_16,LMMA0000000211,lung
LMXT0000000003,LMEX0000000582_IMG_17,LMMA0000000211,lung
LMXT0000000003,LMEX0000000582_IMG_18,LMMA0000000211,lung
LMXT0000000003,LMEX0000000582_IMG_2,LMMA0000000211,lung
LMXT0000000003,LMEX0000000582_IMG_3,LMMA0000000211,lung
LMXT0000000003,LMEX0000000582_IMG_4,LMMA0000000211,lung
LMXT0000000003,LMEX0000000582_IMG_5,LMMA0000000211,lung
LMXT0000000003,LMEX0000000582_IMG_6,LMMA0000000211,lung
LMXT0000000003,LMEX0000000582_IMG_7,LMMA0000000211,lung
LMXT0000000003,LMEX0000000582_IMG_8,LMMA0000000211,lung
LMXT0000000003,LMEX0000000582_IMG_9,LMMA0000000211,lung
LMXT0000000003,LMEX0000000583_IMG_1,LMMA0000000211,lung
LMXT0000000003,LMEX0000000583_IMG_2,LMMA0000000211,lung
LMXT0000000003,LMEX0000000583_IMG_3,LMMA0000000211,lung
LMXT0000000003,LMEX0000000583_IMG_4,LMMA0000000211,lung
LMXT0000000003,LMEX0000000583_IMG_5,LMMA0000000211,lung
LMXT0000000003,LMEX0000000583_IMG_6,LMMA0000000211,lung
LMXT0000000003,LMEX0000000583_IMG_7,LMMA0000000211,lung
LMXT0000000003,LMEX0000000583_IMG_8,LMMA0000000211,lung
LMXT0000000003,LMEX0000000583_IMG_9,LMMA0000000211,lung
LMXT0000000003,LMEX0000000584_IMG_1,LMMA0000000211,lung
LMXT0000000003,LMEX0000000584_IMG_10,LMMA0000000211,lung
LMXT0000000003,LMEX0000000584_IMG_11,LMMA0000000211,lung
LMXT0000000003,LMEX0000000584_IMG_12,LMMA0000000211,lung
LMXT0000000003,LMEX0000000584_IMG_2,LMMA0000000211,lung
LMXT0000000003,LMEX0000000584_IMG_3,LMMA0000000211,lung
LMXT0000000003,LMEX0000000584_IMG_4,LMMA0000000211,lung
LMXT0000000003,LMEX0000000584_IMG_5,LMMA0000000211,lung
LMXT0000000003,LMEX0000000584_IMG_6,LMMA0000000211,lung
LMXT0000000003,LMEX0000000584_IMG_7,LMMA0000000211,lung
LMXT0000000003,LMEX0000000584_IMG_8,LMMA0000000211,lung
LMXT0000000003,LMEX0000000584_IMG_9,LMMA0000000211,lung
LMXT0000000003,LMEX0000000585_IMG_1,LMMA0000000211,lung
LMXT0000000003,LMEX0000000585_IMG_10,LMMA0000000211,lung
LMXT0000000003,LMEX0000000585_IMG_2,LMMA0000000211,lung
LMXT0000000003,LMEX0000000585_IMG_3,LMMA0000000211,lung
LMXT0000000003,LMEX0000000585_IMG_4,LMMA0000000211,lung
LMXT0000000003,LMEX0000000585_IMG_5,LMMA0000000211,lung
LMXT0000000003,LMEX0000000585_IMG_6,LMMA0000000211,lung
LMXT0000000003,LMEX0000000585_IMG_7,LMMA0000000211,lung
LMXT0000000003,LMEX0000000585_IMG_8,LMMA0000000211,lung
LMXT0000000003,LMEX0000000585_IMG_9,LMMA0000000211,lung
LMXT0000000003,LMEX0000000586_IMG_1,LMMA0000000211,lung
LMXT0000000003,LMEX0000000586_IMG_2,LMMA0000000211,lung
LMXT0000000003,LMEX0000000586_IMG_3,LMMA0000000211,lung
LMXT0000000003,LMEX0000000586_IMG_4,LMMA0000000211,lung
LMXT0000000003,LMEX0000000586_IMG_5,LMMA0000000211,lung
LMXT0000000003,LMEX0000000586_IMG_6,LMMA0000000211,lung
LMXT0000000003,LMEX0000000586_IMG_7,LMMA0000000211,lung
LMXT0000000003,LMEX0000000586_IMG_8,LMMA0000000211,lung
LMXT0000000003,LMEX0000000586_IMG_9,LMMA0000000211,lung
LMXT0000000003,LMEX0000000587_IMG_1,LMMA0000000211,lung
LMXT0000000003,LMEX0000000587_IMG_10,LMMA0000000211,lung
LMXT0000000003,LMEX0000000587_IMG_11,LMMA0000000211,lung
LMXT0000000003,LMEX0000000587_IMG_12,LMMA0000000211,lung
LMXT0000000003,LMEX0000000587_IMG_13,LMMA0000000211,lung
LMXT0000000003,LMEX0000000587_IMG_14,LMMA0000000211,lung
LMXT0000000003,LMEX0000000587_IMG_15,LMMA0000000211,lung
LMXT0000000003,LMEX0000000587_IMG_16,LMMA0000000211,lung
LMXT0000000003,LMEX0000000587_IMG_17,LMMA0000000211,lung
LMXT0000000003,LMEX0000000587_IMG_18,LMMA0000000211,lung
LMXT0000000003,LMEX0000000587_IMG_19,LMMA0000000211,lung
LMXT0000000003,LMEX0000000587_IMG_2,LMMA0000000211,lung
LMXT0000000003,LMEX0000000587_IMG_20,LMMA0000000211,lung
LMXT0000000003,LMEX0000000587_IMG_21,LMMA0000000211,lung
LMXT0000000003,LMEX0000000587_IMG_3,LMMA0000000211,lung
LMXT0000000003,LMEX0000000587_IMG_4,LMMA0000000211,lung
LMXT0000000003,LMEX0000000587_IMG_5,LMMA0000000211,lung
LMXT0000000003,LMEX0000000587_IMG_6,LMMA0000000211,lung
LMXT0000000003,LMEX0000000587_IMG_7,LMMA0000000211,lung
LMXT0000000003,LMEX0000000587_IMG_8,LMMA0000000211,lung
LMXT0000000003,LMEX0000000587_IMG_9,LMMA0000000211,lung
LMXT0000000003,LMEX0000000588_IMG_1,LMMA0000000211,lung
LMXT0000000003,LMEX0000000588_IMG_2,LMMA0000000211,lung
LMXT0000000003,LMEX0000000588_IMG_3,LMMA0000000211,lung
LMXT0000000003,LMEX0000000588_IMG_4,LMMA0000000211,lung
LMXT0000000003,LMEX0000000588_IMG_5,LMMA0000000211,lung
LMXT0000000003,LMEX0000000588_IMG_6,LMMA0000000211,lung
LMXT0000000003,LMEX0000000588_IMG_7,LMMA0000000211,lung
LMXT0000000003,LMEX0000000588_IMG_8,LMMA0000000211,lung
LMXT0000000003,LMEX0000000589_IMG_1,LMMA0000000211,lung
LMXT0000000003,LMEX0000000589_IMG_10,LMMA0000000211,lung
LMXT0000000003,LMEX0000000589_IMG_11,LMMA0000000211,lung
LMXT0000000003,LMEX0000000589_IMG_12,LMMA0000000211,lung
LMXT0000000003,LMEX0000000589_IMG_13,LMMA0000000211,lung
LMXT0000000003,LMEX0000000589_IMG_2,LMMA0000000211,lung
LMXT0000000003,LMEX0000000589_IMG_3,LMMA0000000211,lung
LMXT0000000003,LMEX0000000589_IMG_4,LMMA0000000211,lung
LMXT0000000003,LMEX0000000589_IMG_5,LMMA0000000211,lung
LMXT0000000003,LMEX0000000589_IMG_6,LMMA0000000211,lung
LMXT0000000003,LMEX0000000589_IMG_7,LMMA0000000211,lung
LMXT0000000003,LMEX0000000589_IMG_8,LMMA0000000211,lung
LMXT0000000003,LMEX0000000589_IMG_9,LMMA0000000211,lung
LMXT0000000003,LMEX0000000590_IMG_1,LMMA0000000211,lung
LMXT0000000003,LMEX0000000590_IMG_2,LMMA0000000211,lung
LMXT0000000003,LMEX0000000590_IMG_3,LMMA0000000211,lung
LMXT0000000003,LMEX0000000590_IMG_4,LMMA0000000211,lung
LMXT0000000003,LMEX0000000590_IMG_5,LMMA0000000211,lung
LMXT0000000003,LMEX0000000590_IMG_6,LMMA0000000211,lung
LMXT0000000003,LMEX0000000590_IMG_7,LMMA0000000211,lung
LMXT0000000003,LMEX0000000590_IMG_8,LMMA0000000211,lung
LMXT0000000003,LMEX0000000590_IMG_9,LMMA0000000211,lung
LMXT0000000003,LMEX0000000591_IMG_1,LMMA0000000211,lung
LMXT0000000003,LMEX0000000591_IMG_2,LMMA0000000211,lung
LMXT0000000003,LMEX0000000591_IMG_3,LMMA0000000211,lung
LMXT0000000003,LMEX0000000591_IMG_4,LMMA0000000211,lung
LMXT0000000003,LMEX0000000591_IMG_5,LMMA0000000211,lung
LMXT0000000003,LMEX0000000591_IMG_6,LMMA0000000211,lung
LMXT0000000003,LMEX0000000591_IMG_7,LMMA0000000211,lung
LMXT0000000003,LMEX0000000591_IMG_8,LMMA0000000211,lung
LMXT0000000003,LMEX0000000595_IMG_1,LMMA0000000211,lung
LMXT0000000003,LMEX0000000595_IMG_2,LMMA0000000211,lung
LMXT0000000003,LMEX0000000595_IMG_3,LMMA0000000211,lung
LMXT0000000003,LMEX0000000595_IMG_4,LMMA0000000211,lung
LMXT0000000003,LMEX0000000595_IMG_5,LMMA0000000211,lung
LMXT0000000003,LMEX0000000595_IMG_6,LMMA0000000211,lung
LMXT0000000003,LMEX0000000595_IMG_7,LMMA0000000211,lung
LMXT0000000003,LMEX0000000595_IMG_8,LMMA0000000211,lung
LMXT0000000003,LMEX0000000596_IMG_1,LMMA0000000211,lung
LMXT0000000003,LMEX0000000596_IMG_10,LMMA0000000211,lung
LMXT0000000003,LMEX0000000596_IMG_11,LMMA0000000211,lung
LMXT0000000003,LMEX0000000596_IMG_12,LMMA0000000211,lung
LMXT0000000003,LMEX0000000596_IMG_2,LMMA0000000211,lung
LMXT0000000003,LMEX0000000596_IMG_3,LMMA0000000211,lung
LMXT0000000003,LMEX0000000596_IMG_4,LMMA0000000211,lung
LMXT0000000003,LMEX0000000596_IMG_5,LMMA0000000211,lung
LMXT0000000003,LMEX0000000596_IMG_6,LMMA0000000211,lung
LMXT0000000003,LMEX0000000596_IMG_7,LMMA0000000211,lung
LMXT0000000003,LMEX0000000596_IMG_8,LMMA0000000211,lung
LMXT0000000003,LMEX0000000596_IMG_9,LMMA0000000211,lung
LMXT0000000003,LMEX0000000597_IMG_1,LMMA0000000211,lung
LMXT0000000003,LMEX0000000597_IMG_2,LMMA0000000211,lung
LMXT0000000003,LMEX0000000597_IMG_3,LMMA0000000211,lung
LMXT0000000003,LMEX0000000597_IMG_4,LMMA0000000211,lung
LMXT0000000003,LMEX0000000597_IMG_5,LMMA0000000211,lung
LMXT0000000003,LMEX0000000597_IMG_6,LMMA0000000211,lung
LMXT0000000003,LMEX0000000601_IMG_1,LMHA0000000324,right lung lower lobe
LMXT0000000003,LMEX0000000601_IMG_10,LMHA0000000324,right lung lower lobe
LMXT0000000003,LMEX0000000601_IMG_11,LMHA0000000324,right lung lower lobe
LMXT0000000003,LMEX0000000601_IMG_2,LMHA0000000324,right lung lower lobe
LMXT0000000003,LMEX0000000601_IMG_3,LMHA0000000324,right lung lower lobe
LMXT0000000003,LMEX0000000601_IMG_4,LMHA0000000324,right lung lower lobe
LMXT0000000003,LMEX0000000601_IMG_5,LMHA0000000324,right lung lower lobe
LMXT0000000003,LMEX0000000601_IMG_6,LMHA0000000324,right lung lower lobe
LMXT0000000003,LMEX0000000601_IMG_7,LMHA0000000324,right lung lower lobe
LMXT0000000003,LMEX0000000601_IMG_8,LMHA0000000324,right lung lower lobe
LMXT0000000003,LMEX0000000601_IMG_9,LMHA0000000324,right lung lower lobe
LMXT0000000003,LMEX0000000602_IMG_1,LMHA0000000529,left lung lower lobe
LMXT0000000003,LMEX0000000602_IMG_10,LMHA0000000529,left lung lower lobe
LMXT0000000003,LMEX0000000602_IMG_11,LMHA0000000529,left lung lower lobe
LMXT0000000003,LMEX0000000602_IMG_12,LMHA0000000529,left lung lower lobe
LMXT0000000003,LMEX0000000602_IMG_2,LMHA0000000529,left lung lower lobe
LMXT0000000003,LMEX0000000602_IMG_3,LMHA0000000529,left lung lower lobe
LMXT0000000003,LMEX0000000602_IMG_4,LMHA0000000529,left lung lower lobe
LMXT0000000003,LMEX0000000602_IMG_5,LMHA0000000529,left lung lower lobe
LMXT0000000003,LMEX0000000602_IMG_6,LMHA0000000529,left lung lower lobe
LMXT0000000003,LMEX0000000602_IMG_7,LMHA0000000529,left lung lower lobe
LMXT0000000003,LMEX0000000602_IMG_8,LMHA0000000529,left lung lower lobe
LMXT0000000003,LMEX0000000602_IMG_9,LMHA0000000529,left lung lower lobe
LMXT0000000003,LMEX0000000603_IMG_1,LMHA0000000529,left lung lower lobe
LMXT0000000003,LMEX0000000603_IMG_10,LMHA0000000529,left lung lower lobe
LMXT0000000003,LMEX0000000603_IMG_11,LMHA0000000529,left lung lower lobe
LMXT0000000003,LMEX0000000603_IMG_12,LMHA0000000529,left lung lower lobe
LMXT0000000003,LMEX0000000603_IMG_13,LMHA0000000529,left lung lower lobe
LMXT0000000003,LMEX0000000603_IMG_14,LMHA0000000529,left lung lower lobe
LMXT0000000003,LMEX0000000603_IMG_15,LMHA0000000529,left lung lower lobe
LMXT0000000003,LMEX0000000603_IMG_16,LMHA0000000529,left lung lower lobe
LMXT0000000003,LMEX0000000603_IMG_17,LMHA0000000529,left lung lower lobe
LMXT0000000003,LMEX0000000603_IMG_18,LMHA0000000529,left lung lower lobe
LMXT0000000003,LMEX0000000603_IMG_19,LMHA0000000529,left lung lower lobe
LMXT0000000003,LMEX0000000603_IMG_2,LMHA0000000529,left lung lower lobe
LMXT0000000003,LMEX0000000603_IMG_3,LMHA0000000529,left lung lower lobe
LMXT0000000003,LMEX0000000603_IMG_4,LMHA0000000529,left lung lower lobe
LMXT0000000002,LMEX0000000623_IMG_1,LMHA0000000529,left lung lower lobe
LMXT0000000002,LMEX0000000623_IMG_10,LMHA0000000529,left lung lower lobe
LMXT0000000002,LMEX0000000623_IMG_11,LMHA0000000529,left lung lower lobe
LMXT0000000002,LMEX0000000623_IMG_12,LMHA0000000529,left lung lower lobe
LMXT0000000002,LMEX0000000623_IMG_13,LMHA0000000529,left lung lower lobe
LMXT0000000002,LMEX0000000623_IMG_14,LMHA0000000529,left lung lower lobe
LMXT0000000002,LMEX0000000623_IMG_15,LMHA0000000529,left lung lower lobe
LMXT0000000002,LMEX0000000623_IMG_16,LMHA0000000529,left lung lower lobe
LMXT0000000002,LMEX0000000623_IMG_17,LMHA0000000529,left lung lower lobe
LMXT0000000002,LMEX0000000623_IMG_18,LMHA0000000529,left lung lower lobe
LMXT0000000002,LMEX0000000623_IMG_19,LMHA0000000529,left lung lower lobe
LMXT0000000002,LMEX0000000623_IMG_2,LMHA0000000529,left lung lower lobe
LMXT0000000002,LMEX0000000623_IMG_20,LMHA0000000529,left lung lower lobe
LMXT0000000002,LMEX0000000623_IMG_21,LMHA0000000529,left lung lower lobe
LMXT0000000002,LMEX0000000623_IMG_22,LMHA0000000529,left lung lower lobe
LMXT0000000002,LMEX0000000623_IMG_23,LMHA0000000529,left lung lower lobe
LMXT0000000002,LMEX0000000623_IMG_24,LMHA0000000529,left lung lower lobe
LMXT0000000002,LMEX0000000623_IMG_25,LMHA0000000529,left lung lower lobe
LMXT0000000002,LMEX0000000623_IMG_3,LMHA0000000529,left lung lower lobe
LMXT0000000002,LMEX0000000623_IMG_4,LMHA0000000529,left lung lower lobe
LMXT0000000002,LMEX0000000623_IMG_5,LMHA0000000529,left lung lower lobe
LMXT0000000002,LMEX0000000623_IMG_6,LMHA0000000529,left lung lower lobe
LMXT0000000002,LMEX0000000623_IMG_7,LMHA0000000529,left lung lower lobe
LMXT0000000002,LMEX0000000623_IMG_8,LMHA0000000529,left lung lower lobe
LMXT0000000002,LMEX0000000623_IMG_9,LMHA0000000529,left lung lower lobe
LMXT0000000002,LMEX0000000625_IMG_1,LMHA0000000529,left lung lower lobe
LMXT0000000002,LMEX0000000625_IMG_10,LMHA0000000529,left lung lower lobe
LMXT0000000002,LMEX0000000625_IMG_11,LMHA0000000529,left lung lower lobe
LMXT0000000002,LMEX0000000625_IMG_12,LMHA0000000529,left lung lower lobe
LMXT0000000002,LMEX0000000625_IMG_13,LMHA0000000529,left lung lower lobe
LMXT0000000002,LMEX0000000625_IMG_14,LMHA0000000529,left lung lower lobe
LMXT0000000002,LMEX0000000625_IMG_15,LMHA0000000529,left lung lower lobe
LMXT0000000002,LMEX0000000625_IMG_16,LMHA0000000529,left lung lower lobe
LMXT0000000002,LMEX0000000625_IMG_17,LMHA0000000529,left lung lower lobe
LMXT0000000002,LMEX0000000625_IMG_18,LMHA0000000529,left lung lower lobe
LMXT0000000002,LMEX0000000625_IMG_19,LMHA0000000529,left lung lower lobe
LMXT0000000002,LMEX0000000625_IMG_2,LMHA0000000529,left lung lower lobe
LMXT0000000002,LMEX0000000625_IMG_20,LMHA0000000529,left lung lower lobe
LMXT0000000002,LMEX0000000625_IMG_21,LMHA0000000529,left lung lower lobe
LMXT0000000002,LMEX0000000625_IMG_3,LMHA0000000529,left lung lower lobe
LMXT0000000002,LMEX0000000625_IMG_4,LMHA0000000529,left lung lower lobe
LMXT0000000002,LMEX0000000625_IMG_5,LMHA0000000529,left lung lower lobe
LMXT0000000002,LMEX0000000625_IMG_6,LMHA0000000529,left lung lower lobe
LMXT0000000002,LMEX0000000625_IMG_7,LMHA0000000529,left lung lower lobe
LMXT0000000002,LMEX0000000625_IMG_8,LMHA0000000529,left lung lower lobe
LMXT0000000002,LMEX0000000625_IMG_9,LMHA0000000529,left lung lower lobe
LMXT0000000002,LMEX0000000613_IMG_1,LMHA0000000529,left lung lower lobe
LMXT0000000002,LMEX0000000613_IMG_10,LMHA0000000529,left lung lower lobe
LMXT0000000002,LMEX0000000613_IMG_11,LMHA0000000529,left lung lower lobe
LMXT0000000002,LMEX0000000613_IMG_12,LMHA0000000529,left lung lower lobe
LMXT0000000002,LMEX0000000613_IMG_13,LMHA0000000529,left lung lower lobe
LMXT0000000002,LMEX0000000613_IMG_14,LMHA0000000529,left lung lower lobe
LMXT0000000002,LMEX0000000613_IMG_15,LMHA0000000529,left lung lower lobe
LMXT0000000002,LMEX0000000613_IMG_16,LMHA0000000529,left lung lower lobe
LMXT0000000002,LMEX0000000613_IMG_17,LMHA0000000529,left lung lower lobe
LMXT0000000002,LMEX0000000613_IMG_2,LMHA0000000529,left lung lower lobe
LMXT0000000002,LMEX0000000613_IMG_3,LMHA0000000529,left lung lower lobe
LMXT0000000002,LMEX0000000613_IMG_4,LMHA0000000529,left lung lower lobe
LMXT0000000002,LMEX0000000613_IMG_5,LMHA0000000529,left lung lower lobe
LMXT0000000002,LMEX0000000613_IMG_6,LMHA0000000529,left lung lower lobe
LMXT0000000002,LMEX0000000613_IMG_7,LMHA0000000529,left lung lower lobe
LMXT0000000002,LMEX0000000613_IMG_8,LMHA0000000529,left lung lower lobe
LMXT0000000002,LMEX0000000613_IMG_9,LMHA0000000529,left lung lower lobe
LMXT0000000002,LMEX0000000614_IMG_1,LMHA0000000529,left lung lower lobe
LMXT0000000002,LMEX0000000614_IMG_10,LMHA0000000529,left lung lower lobe
LMXT0000000002,LMEX0000000614_IMG_11,LMHA0000000529,left lung lower lobe
LMXT0000000002,LMEX0000000614_IMG_12,LMHA0000000529,left lung lower lobe
LMXT0000000002,LMEX0000000614_IMG_13,LMHA0000000529,left lung lower lobe
LMXT0000000002,LMEX0000000614_IMG_14,LMHA0000000529,left lung lower lobe
LMXT0000000002,LMEX0000000614_IMG_15,LMHA0000000529,left lung lower lobe
LMXT0000000002,LMEX0000000614_IMG_16,LMHA0000000529,left lung lower lobe
LMXT0000000002,LMEX0000000614_IMG_17,LMHA0000000529,left lung lower lobe
LMXT0000000002,LMEX0000000614_IMG_18,LMHA0000000529,left lung lower lobe
LMXT0000000002,LMEX0000000614_IMG_19,LMHA0000000529,left lung lower lobe
LMXT0000000002,LMEX0000000614_IMG_2,LMHA0000000529,left lung lower lobe
LMXT0000000002,LMEX0000000614_IMG_20,LMHA0000000529,left lung lower lobe
LMXT0000000002,LMEX0000000614_IMG_21,LMHA0000000529,left lung lower lobe
LMXT0000000002,LMEX0000000614_IMG_22,LMHA0000000529,left lung lower lobe
LMXT0000000002,LMEX0000000614_IMG_23,LMHA0000000529,left lung lower lobe
LMXT0000000002,LMEX0000000614_IMG_24,LMHA0000000529,left lung lower lobe
LMXT0000000002,LMEX0000000614_IMG_25,LMHA0000000529,left lung lower lobe
LMXT0000000002,LMEX0000000614_IMG_26,LMHA0000000529,left lung lower lobe
LMXT0000000002,LMEX0000000614_IMG_27,LMHA0000000529,left lung lower lobe
LMXT0000000002,LMEX0000000614_IMG_3,LMHA0000000529,left lung lower lobe
LMXT0000000002,LMEX0000000614_IMG_4,LMHA0000000529,left lung lower lobe
LMXT0000000002,LMEX0000000614_IMG_5,LMHA0000000529,left lung lower lobe
LMXT0000000002,LMEX0000000614_IMG_6,LMHA0000000529,left lung lower lobe
LMXT0000000002,LMEX0000000614_IMG_7,LMHA0000000529,left lung lower lobe
LMXT0000000002,LMEX0000000614_IMG_8,LMHA0000000529,left lung lower lobe
LMXT0000000002,LMEX0000000614_IMG_9,LMHA0000000529,left lung lower lobe
LMXT0000000002,LMEX0000000615_IMG_1,LMHA0000000529,left lung lower lobe
LMXT0000000002,LMEX0000000615_IMG_10,LMHA0000000529,left lung lower lobe
LMXT0000000002,LMEX0000000615_IMG_11,LMHA0000000529,left lung lower lobe
LMXT0000000002,LMEX0000000615_IMG_12,LMHA0000000529,left lung lower lobe
LMXT0000000002,LMEX0000000615_IMG_13,LMHA0000000529,left lung lower lobe
LMXT0000000002,LMEX0000000615_IMG_14,LMHA0000000529,left lung lower lobe
LMXT0000000002,LMEX0000000615_IMG_15,LMHA0000000529,left lung lower lobe
LMXT0000000002,LMEX0000000615_IMG_16,LMHA0000000529,left lung lower lobe
LMXT0000000002,LMEX0000000615_IMG_17,LMHA0000000529,left lung lower lobe
LMXT0000000002,LMEX0000000615_IMG_18,LMHA0000000529,left lung lower lobe
LMXT0000000002,LMEX0000000615_IMG_19,LMHA0000000529,left lung lower lobe
LMXT0000000002,LMEX0000000615_IMG_2,LMHA0000000529,left lung lower lobe
LMXT0000000002,LMEX0000000615_IMG_20,LMHA0000000529,left lung lower lobe
LMXT0000000002,LMEX0000000615_IMG_21,LMHA0000000529,left lung lower lobe
LMXT0000000002,LMEX0000000615_IMG_3,LMHA0000000529,left lung lower lobe
LMXT0000000002,LMEX0000000615_IMG_4,LMHA0000000529,left lung lower lobe
LMXT0000000002,LMEX0000000615_IMG_5,LMHA0000000529,left lung lower lobe
LMXT0000000002,LMEX0000000615_IMG_6,LMHA0000000529,left lung lower lobe
LMXT0000000002,LMEX0000000615_IMG_7,LMHA0000000529,left lung lower lobe
LMXT0000000002,LMEX0000000615_IMG_8,LMHA0000000529,left lung lower lobe
LMXT0000000002,LMEX0000000615_IMG_9,LMHA0000000529,left lung lower lobe
LMXT0000000002,LMEX0000000616_IMG_1,LMHA0000000529,left lung lower lobe
LMXT0000000002,LMEX0000000616_IMG_10,LMHA0000000529,left lung lower lobe
LMXT0000000002,LMEX0000000616_IMG_11,LMHA0000000529,left lung lower lobe
LMXT0000000002,LMEX0000000616_IMG_12,LMHA0000000529,left lung lower lobe
LMXT0000000002,LMEX0000000616_IMG_13,LMHA0000000529,left lung lower lobe
LMXT0000000002,LMEX0000000616_IMG_14,LMHA0000000529,left lung lower lobe
LMXT0000000002,LMEX0000000616_IMG_15,LMHA0000000529,left lung lower lobe
LMXT0000000002,LMEX0000000616_IMG_16,LMHA0000000529,left lung lower lobe
LMXT0000000002,LMEX0000000616_IMG_17,LMHA0000000529,left lung lower lobe
LMXT0000000002,LMEX0000000616_IMG_18,LMHA0000000529,left lung lower lobe
LMXT0000000002,LMEX0000000616_IMG_19,LMHA0000000529,left lung lower lobe
LMXT0000000002,LMEX0000000616_IMG_2,LMHA0000000529,left lung lower lobe
LMXT0000000002,LMEX0000000616_IMG_20,LMHA0000000529,left lung lower lobe
LMXT0000000002,LMEX0000000616_IMG_3,LMHA0000000529,left lung lower lobe
LMXT0000000002,LMEX0000000616_IMG_4,LMHA0000000529,left lung lower lobe
LMXT0000000002,LMEX0000000616_IMG_5,LMHA0000000529,left lung lower lobe
LMXT0000000002,LMEX0000000616_IMG_6,LMHA0000000529,left lung lower lobe
LMXT0000000002,LMEX0000000616_IMG_7,LMHA0000000529,left lung lower lobe
LMXT0000000002,LMEX0000000616_IMG_8,LMHA0000000529,left lung lower lobe
LMXT0000000002,LMEX0000000616_IMG_9,LMHA0000000529,left lung lower lobe
LMXT0000000002,LMEX0000000617_IMG_1,LMHA0000000529,left lung lower lobe
LMXT0000000002,LMEX0000000617_IMG_10,LMHA0000000529,left lung lower lobe
LMXT0000000002,LMEX0000000617_IMG_11,LMHA0000000529,left lung lower lobe
LMXT0000000002,LMEX0000000617_IMG_12,LMHA0000000529,left lung lower lobe
LMXT0000000002,LMEX0000000617_IMG_13,LMHA0000000529,left lung lower lobe
LMXT0000000002,LMEX0000000617_IMG_14,LMHA0000000529,left lung lower lobe
LMXT0000000002,LMEX0000000617_IMG_15,LMHA0000000529,left lung lower lobe
LMXT0000000002,LMEX0000000617_IMG_16,LMHA0000000529,left lung lower lobe
LMXT0000000002,LMEX0000000617_IMG_17,LMHA0000000529,left lung lower lobe
LMXT0000000002,LMEX0000000617_IMG_18,LMHA0000000529,left lung lower lobe
LMXT0000000002,LMEX0000000617_IMG_19,LMHA0000000529,left lung lower lobe
LMXT0000000002,LMEX0000000617_IMG_2,LMHA0000000529,left lung lower lobe
LMXT0000000002,LMEX0000000617_IMG_20,LMHA0000000529,left lung lower lobe
LMXT0000000002,LMEX0000000617_IMG_21,LMHA0000000529,left lung lower lobe
LMXT0000000002,LMEX0000000617_IMG_22,LMHA0000000529,left lung lower lobe
LMXT0000000002,LMEX0000000617_IMG_23,LMHA0000000529,left lung lower lobe
LMXT0000000002,LMEX0000000617_IMG_24,LMHA0000000529,left lung lower lobe
LMXT0000000002,LMEX0000000617_IMG_25,LMHA0000000529,left lung lower lobe
LMXT0000000002,LMEX0000000617_IMG_3,LMHA0000000529,left lung lower lobe
LMXT0000000002,LMEX0000000617_IMG_4,LMHA0000000529,left lung lower lobe
LMXT0000000002,LMEX0000000617_IMG_5,LMHA0000000529,left lung lower lobe
LMXT0000000002,LMEX0000000617_IMG_6,LMHA0000000529,left lung lower lobe
LMXT0000000002,LMEX0000000617_IMG_7,LMHA0000000529,left lung lower lobe
LMXT0000000002,LMEX0000000617_IMG_8,LMHA0000000529,left lung lower lobe
LMXT0000000002,LMEX0000000617_IMG_9,LMHA0000000529,left lung lower lobe
LMXT0000000002,LMEX0000000618_IMG_1,LMHA0000000529,left lung lower lobe
LMXT0000000002,LMEX0000000618_IMG_10,LMHA0000000529,left lung lower lobe
LMXT0000000002,LMEX0000000618_IMG_11,LMHA0000000529,left lung lower lobe
LMXT0000000002,LMEX0000000618_IMG_12,LMHA0000000529,left lung lower lobe
LMXT0000000002,LMEX0000000618_IMG_13,LMHA0000000529,left lung lower lobe
LMXT0000000002,LMEX0000000618_IMG_14,LMHA0000000529,left lung lower lobe
LMXT0000000002,LMEX0000000618_IMG_15,LMHA0000000529,left lung lower lobe
LMXT0000000002,LMEX0000000618_IMG_16,LMHA0000000529,left lung lower lobe
LMXT0000000002,LMEX0000000618_IMG_17,LMHA0000000529,left lung lower lobe
LMXT0000000002,LMEX0000000618_IMG_18,LMHA0000000529,left lung lower lobe
LMXT0000000002,LMEX0000000618_IMG_19,LMHA0000000529,left lung lower lobe
LMXT0000000002,LMEX0000000618_IMG_2,LMHA0000000529,left lung lower lobe
LMXT0000000002,LMEX0000000618_IMG_20,LMHA0000000529,left lung lower lobe
LMXT0000000002,LMEX0000000618_IMG_21,LMHA0000000529,left lung lower lobe
LMXT0000000002,LMEX0000000618_IMG_22,LMHA0000000529,left lung lower lobe
LMXT0000000002,LMEX0000000618_IMG_23,LMHA0000000529,left lung lower lobe
LMXT0000000002,LMEX0000000618_IMG_24,LMHA0000000529,left lung lower lobe
LMXT0000000002,LMEX0000000618_IMG_25,LMHA0000000529,left lung lower lobe
LMXT0000000002,LMEX0000000618_IMG_3,LMHA0000000529,left lung lower lobe
LMXT0000000002,LMEX0000000618_IMG_4,LMHA0000000529,left lung lower lobe
LMXT0000000002,LMEX0000000618_IMG_5,LMHA0000000529,left lung lower lobe
LMXT0000000002,LMEX0000000618_IMG_6,LMHA0000000529,left lung lower lobe
LMXT0000000002,LMEX0000000618_IMG_7,LMHA0000000529,left lung lower lobe
LMXT0000000002,LMEX0000000618_IMG_8,LMHA0000000529,left lung lower lobe
LMXT0000000002,LMEX0000000618_IMG_9,LMHA0000000529,left lung lower lobe
LMXT0000000002,LMEX0000000619_IMG_1,LMHA0000000529,left lung lower lobe
LMXT0000000002,LMEX0000000619_IMG_10,LMHA0000000529,left lung lower lobe
LMXT0000000002,LMEX0000000619_IMG_11,LMHA0000000529,left lung lower lobe
LMXT0000000002,LMEX0000000619_IMG_12,LMHA0000000529,left lung lower lobe
LMXT0000000002,LMEX0000000619_IMG_13,LMHA0000000529,left lung lower lobe
LMXT0000000002,LMEX0000000619_IMG_14,LMHA0000000529,left lung lower lobe
LMXT0000000002,LMEX0000000619_IMG_15,LMHA0000000529,left lung lower lobe
LMXT0000000002,LMEX0000000619_IMG_16,LMHA0000000529,left lung lower lobe
LMXT0000000002,LMEX0000000619_IMG_17,LMHA0000000529,left lung lower lobe
LMXT0000000002,LMEX0000000619_IMG_18,LMHA0000000529,left lung lower lobe
LMXT0000000002,LMEX0000000619_IMG_19,LMHA0000000529,left lung lower lobe
LMXT0000000002,LMEX0000000619_IMG_2,LMHA0000000529,left lung lower lobe
LMXT0000000002,LMEX0000000619_IMG_20,LMHA0000000529,left lung lower lobe
LMXT0000000002,LMEX0000000619_IMG_21,LMHA0000000529,left lung lower lobe
LMXT0000000002,LMEX0000000619_IMG_22,LMHA0000000529,left lung lower lobe
LMXT0000000002,LMEX0000000619_IMG_23,LMHA0000000529,left lung lower lobe
LMXT0000000002,LMEX0000000619_IMG_24,LMHA0000000529,left lung lower lobe
LMXT0000000002,LMEX0000000619_IMG_25,LMHA0000000529,left lung lower lobe
LMXT0000000002,LMEX0000000619_IMG_26,LMHA0000000529,left lung lower lobe
LMXT0000000002,LMEX0000000619_IMG_27,LMHA0000000529,left lung lower lobe
LMXT0000000002,LMEX0000000619_IMG_28,LMHA0000000529,left lung lower lobe
LMXT0000000002,LMEX0000000619_IMG_3,LMHA0000000529,left lung lower lobe
LMXT0000000002,LMEX0000000619_IMG_4,LMHA0000000529,left lung lower lobe
LMXT0000000002,LMEX0000000619_IMG_5,LMHA0000000529,left lung lower lobe
LMXT0000000002,LMEX0000000619_IMG_6,LMHA0000000529,left lung lower lobe
LMXT0000000002,LMEX0000000619_IMG_7,LMHA0000000529,left lung lower lobe
LMXT0000000002,LMEX0000000619_IMG_8,LMHA0000000529,left lung lower lobe
LMXT0000000002,LMEX0000000619_IMG_9,LMHA0000000529,left lung lower lobe
LMXT0000000002,LMEX0000000620_IMG_1,LMHA0000000529,left lung lower lobe
LMXT0000000002,LMEX0000000620_IMG_10,LMHA0000000529,left lung lower lobe
LMXT0000000002,LMEX0000000620_IMG_11,LMHA0000000529,left lung lower lobe
LMXT0000000002,LMEX0000000620_IMG_12,LMHA0000000529,left lung lower lobe
LMXT0000000002,LMEX0000000620_IMG_13,LMHA0000000529,left lung lower lobe
LMXT0000000002,LMEX0000000620_IMG_14,LMHA0000000529,left lung lower lobe
LMXT0000000002,LMEX0000000620_IMG_15,LMHA0000000529,left lung lower lobe
LMXT0000000002,LMEX0000000620_IMG_16,LMHA0000000529,left lung lower lobe
LMXT0000000002,LMEX0000000620_IMG_17,LMHA0000000529,left lung lower lobe
LMXT0000000002,LMEX0000000620_IMG_18,LMHA0000000529,left lung lower lobe
LMXT0000000002,LMEX0000000620_IMG_19,LMHA0000000529,left lung lower lobe
LMXT0000000002,LMEX0000000620_IMG_2,LMHA0000000529,left lung lower lobe
LMXT0000000002,LMEX0000000620_IMG_20,LMHA0000000529,left lung lower lobe
LMXT0000000002,LMEX0000000620_IMG_21,LMHA0000000529,left lung lower lobe
LMXT0000000002,LMEX0000000620_IMG_22,LMHA0000000529,left lung lower lobe
LMXT0000000002,LMEX0000000620_IMG_23,LMHA0000000529,left lung lower lobe
LMXT0000000002,LMEX0000000620_IMG_24,LMHA0000000529,left lung lower lobe
LMXT0000000002,LMEX0000000620_IMG_25,LMHA0000000529,left lung lower lobe
LMXT0000000002,LMEX0000000620_IMG_26,LMHA0000000529,left lung lower lobe
LMXT0000000002,LMEX0000000620_IMG_3,LMHA0000000529,left lung lower lobe
LMXT0000000002,LMEX0000000620_IMG_4,LMHA0000000529,left lung lower lobe
LMXT0000000002,LMEX0000000620_IMG_5,LMHA0000000529,left lung lower lobe
LMXT0000000002,LMEX0000000620_IMG_6,LMHA0000000529,left lung lower lobe
LMXT0000000002,LMEX0000000620_IMG_7,LMHA0000000529,left lung lower lobe
LMXT0000000002,LMEX0000000620_IMG_8,LMHA0000000529,left lung lower lobe
LMXT0000000002,LMEX0000000620_IMG_9,LMHA0000000529,left lung lower lobe
LMXT0000000002,LMEX0000000621_IMG_1,LMHA0000000529,left lung lower lobe
LMXT0000000002,LMEX0000000621_IMG_10,LMHA0000000529,left lung lower lobe
LMXT0000000002,LMEX0000000621_IMG_11,LMHA0000000529,left lung lower lobe
LMXT0000000002,LMEX0000000621_IMG_12,LMHA0000000529,left lung lower lobe
LMXT0000000002,LMEX0000000621_IMG_13,LMHA0000000529,left lung lower lobe
LMXT0000000002,LMEX0000000621_IMG_14,LMHA0000000529,left lung lower lobe
LMXT0000000002,LMEX0000000621_IMG_15,LMHA0000000529,left lung lower lobe
LMXT0000000002,LMEX0000000621_IMG_16,LMHA0000000529,left lung lower lobe
LMXT0000000002,LMEX0000000621_IMG_17,LMHA0000000529,left lung lower lobe
LMXT0000000002,LMEX0000000621_IMG_18,LMHA0000000529,left lung lower lobe
LMXT0000000002,LMEX0000000621_IMG_19,LMHA0000000529,left lung lower lobe
LMXT0000000002,LMEX0000000621_IMG_2,LMHA0000000529,left lung lower lobe
LMXT0000000002,LMEX0000000621_IMG_20,LMHA0000000529,left lung lower lobe
LMXT0000000002,LMEX0000000621_IMG_21,LMHA0000000529,left lung lower lobe
LMXT0000000002,LMEX0000000621_IMG_22,LMHA0000000529,left lung lower lobe
LMXT0000000002,LMEX0000000621_IMG_23,LMHA0000000529,left lung lower lobe
LMXT0000000002,LMEX0000000621_IMG_24,LMHA0000000529,left lung lower lobe
LMXT0000000002,LMEX0000000621_IMG_25,LMHA0000000529,left lung lower lobe
LMXT0000000002,LMEX0000000621_IMG_26,LMHA0000000529,left lung lower lobe
LMXT0000000002,LMEX0000000621_IMG_27,LMHA0000000529,left lung lower lobe
LMXT0000000002,LMEX0000000621_IMG_28,LMHA0000000529,left lung lower lobe
LMXT0000000002,LMEX0000000621_IMG_29,LMHA0000000529,left lung lower lobe
LMXT0000000002,LMEX0000000621_IMG_3,LMHA0000000529,left lung lower lobe
LMXT0000000002,LMEX0000000621_IMG_4,LMHA0000000529,left lung lower lobe
LMXT0000000002,LMEX0000000621_IMG_5,LMHA0000000529,left lung lower lobe
LMXT0000000002,LMEX0000000621_IMG_6,LMHA0000000529,left lung lower lobe
LMXT0000000002,LMEX0000000621_IMG_7,LMHA0000000529,left lung lower lobe
LMXT0000000002,LMEX0000000621_IMG_8,LMHA0000000529,left lung lower lobe
LMXT0000000002,LMEX0000000621_IMG_9,LMHA0000000529,left lung lower lobe
LMXT0000000002,LMEX0000000622_IMG_1,LMHA0000000529,left lung lower lobe
LMXT0000000002,LMEX0000000622_IMG_10,LMHA0000000529,left lung lower lobe
LMXT0000000002,LMEX0000000622_IMG_11,LMHA0000000529,left lung lower lobe
LMXT0000000002,LMEX0000000622_IMG_12,LMHA0000000529,left lung lower lobe
LMXT0000000002,LMEX0000000622_IMG_13,LMHA0000000529,left lung lower lobe
LMXT0000000002,LMEX0000000622_IMG_14,LMHA0000000529,left lung lower lobe
LMXT0000000002,LMEX0000000622_IMG_15,LMHA0000000529,left lung lower lobe
LMXT0000000002,LMEX0000000622_IMG_16,LMHA0000000529,left lung lower lobe
LMXT0000000002,LMEX0000000622_IMG_17,LMHA0000000529,left lung lower lobe
LMXT0000000002,LMEX0000000622_IMG_18,LMHA0000000529,left lung lower lobe
LMXT0000000002,LMEX0000000622_IMG_19,LMHA0000000529,left lung lower lobe
LMXT0000000002,LMEX0000000622_IMG_2,LMHA0000000529,left lung lower lobe
LMXT0000000002,LMEX0000000622_IMG_20,LMHA0000000529,left lung lower lobe
LMXT0000000002,LMEX0000000622_IMG_21,LMHA0000000529,left lung lower lobe
LMXT0000000002,LMEX0000000622_IMG_22,LMHA0000000529,left lung lower lobe
LMXT0000000002,LMEX0000000622_IMG_23,LMHA0000000529,left lung lower lobe
LMXT0000000002,LMEX0000000622_IMG_24,LMHA0000000529,left lung lower lobe
LMXT0000000002,LMEX0000000622_IMG_25,LMHA0000000529,left lung lower lobe
LMXT0000000002,LMEX0000000622_IMG_26,LMHA0000000529,left lung lower lobe
LMXT0000000002,LMEX0000000622_IMG_27,LMHA0000000529,left lung lower lobe
LMXT0000000002,LMEX0000000622_IMG_28,LMHA0000000529,left lung lower lobe
LMXT0000000002,LMEX0000000622_IMG_29,LMHA0000000529,left lung lower lobe
LMXT0000000002,LMEX0000000622_IMG_3,LMHA0000000529,left lung lower lobe
LMXT0000000002,LMEX0000000622_IMG_30,LMHA0000000529,left lung lower lobe
LMXT0000000002,LMEX0000000622_IMG_31,LMHA0000000529,left lung lower lobe
LMXT0000000002,LMEX0000000622_IMG_32,LMHA0000000529,left lung lower lobe
LMXT0000000002,LMEX0000000622_IMG_33,LMHA0000000529,left lung lower lobe
LMXT0000000002,LMEX0000000622_IMG_34,LMHA0000000529,left lung lower lobe
LMXT0000000002,LMEX0000000622_IMG_4,LMHA0000000529,left lung lower lobe
LMXT0000000002,LMEX0000000622_IMG_5,LMHA0000000529,left lung lower lobe
LMXT0000000002,LMEX0000000622_IMG_6,LMHA0000000529,left lung lower lobe
LMXT0000000002,LMEX0000000622_IMG_7,LMHA0000000529,left lung lower lobe
LMXT0000000002,LMEX0000000622_IMG_8,LMHA0000000529,left lung lower lobe
LMXT0000000002,LMEX0000000622_IMG_9,LMHA0000000529,left lung lower lobe
LMXT0000000002,LMEX0000000624_IMG_1,LMHA0000000529,left lung lower lobe
LMXT0000000002,LMEX0000000624_IMG_10,LMHA0000000529,left lung lower lobe
LMXT0000000002,LMEX0000000624_IMG_11,LMHA0000000529,left lung lower lobe
LMXT0000000002,LMEX0000000624_IMG_12,LMHA0000000529,left lung lower lobe
LMXT0000000002,LMEX0000000624_IMG_13,LMHA0000000529,left lung lower lobe
LMXT0000000002,LMEX0000000624_IMG_14,LMHA0000000529,left lung lower lobe
LMXT0000000002,LMEX0000000624_IMG_15,LMHA0000000529,left lung lower lobe
LMXT0000000002,LMEX0000000624_IMG_16,LMHA0000000529,left lung lower lobe
LMXT0000000002,LMEX0000000624_IMG_17,LMHA0000000529,left lung lower lobe
LMXT0000000002,LMEX0000000624_IMG_18,LMHA0000000529,left lung lower lobe
LMXT0000000002,LMEX0000000624_IMG_19,LMHA0000000529,left lung lower lobe
LMXT0000000002,LMEX0000000624_IMG_2,LMHA0000000529,left lung lower lobe
LMXT0000000002,LMEX0000000624_IMG_20,LMHA0000000529,left lung lower lobe
LMXT0000000002,LMEX0000000624_IMG_21,LMHA0000000529,left lung lower lobe
LMXT0000000002,LMEX0000000624_IMG_22,LMHA0000000529,left lung lower lobe
LMXT0000000002,LMEX0000000624_IMG_23,LMHA0000000529,left lung lower lobe
LMXT0000000002,LMEX0000000624_IMG_24,LMHA0000000529,left lung lower lobe
LMXT0000000002,LMEX0000000624_IMG_25,LMHA0000000529,left lung lower lobe
LMXT0000000002,LMEX0000000624_IMG_26,LMHA0000000529,left lung lower lobe
LMXT0000000002,LMEX0000000624_IMG_27,LMHA0000000529,left lung lower lobe
LMXT0000000002,LMEX0000000624_IMG_28,LMHA0000000529,left lung lower lobe
LMXT0000000002,LMEX0000000624_IMG_29,LMHA0000000529,left lung lower lobe
LMXT0000000002,LMEX0000000624_IMG_3,LMHA0000000529,left lung lower lobe
LMXT0000000002,LMEX0000000624_IMG_30,LMHA0000000529,left lung lower lobe
LMXT0000000002,LMEX0000000624_IMG_31,LMHA0000000529,left lung lower lobe
LMXT0000000002,LMEX0000000624_IMG_32,LMHA0000000529,left lung lower lobe
LMXT0000000002,LMEX0000000624_IMG_33,LMHA0000000529,left lung lower lobe
LMXT0000000002,LMEX0000000624_IMG_34,LMHA0000000529,left lung lower lobe
LMXT0000000002,LMEX0000000624_IMG_35,LMHA0000000529,left lung lower lobe
LMXT0000000002,LMEX0000000624_IMG_36,LMHA0000000529,left lung lower lobe
LMXT0000000002,LMEX0000000624_IMG_37,LMHA0000000529,left lung lower lobe
LMXT0000000002,LMEX0000000624_IMG_38,LMHA0000000529,left lung lower lobe
LMXT0000000002,LMEX0000000624_IMG_39,LMHA0000000529,left lung lower lobe
LMXT0000000002,LMEX0000000624_IMG_4,LMHA0000000529,left lung lower lobe
LMXT0000000002,LMEX0000000624_IMG_40,LMHA0000000529,left lung lower lobe
LMXT0000000002,LMEX0000000624_IMG_41,LMHA0000000529,left lung lower lobe
LMXT0000000002,LMEX0000000624_IMG_5,LMHA0000000529,left lung lower lobe
LMXT0000000002,LMEX0000000624_IMG_6,LMHA0000000529,left lung lower lobe
LMXT0000000002,LMEX0000000624_IMG_7,LMHA0000000529,left lung lower lobe
LMXT0000000002,LMEX0000000624_IMG_8,LMHA0000000529,left lung lower lobe
LMXT0000000002,LMEX0000000624_IMG_9,LMHA0000000529,left lung lower lobe
LMXT0000000002,LMEX0000000626_IMG_1,LMHA0000000529,left lung lower lobe
LMXT0000000002,LMEX0000000626_IMG_10,LMHA0000000529,left lung lower lobe
LMXT0000000002,LMEX0000000626_IMG_11,LMHA0000000529,left lung lower lobe
LMXT0000000002,LMEX0000000626_IMG_12,LMHA0000000529,left lung lower lobe
LMXT0000000002,LMEX0000000626_IMG_13,LMHA0000000529,left lung lower lobe
LMXT0000000002,LMEX0000000626_IMG_14,LMHA0000000529,left lung lower lobe
LMXT0000000002,LMEX0000000626_IMG_15,LMHA0000000529,left lung lower lobe
LMXT0000000002,LMEX0000000626_IMG_16,LMHA0000000529,left lung lower lobe
LMXT0000000002,LMEX0000000626_IMG_17,LMHA0000000529,left lung lower lobe
LMXT0000000002,LMEX0000000626_IMG_18,LMHA0000000529,left lung lower lobe
LMXT0000000002,LMEX0000000626_IMG_19,LMHA0000000529,left lung lower lobe
LMXT0000000002,LMEX0000000626_IMG_2,LMHA0000000529,left lung lower lobe
LMXT0000000002,LMEX0000000626_IMG_20,LMHA0000000529,left lung lower lobe
LMXT0000000002,LMEX0000000626_IMG_21,LMHA0000000529,left lung lower lobe
LMXT0000000002,LMEX0000000626_IMG_22,LMHA0000000529,left lung lower lobe
LMXT0000000002,LMEX0000000626_IMG_23,LMHA0000000529,left lung lower lobe
LMXT0000000002,LMEX0000000626_IMG_24,LMHA0000000529,left lung lower lobe
LMXT0000000002,LMEX0000000626_IMG_25,LMHA0000000529,left lung lower lobe
LMXT0000000002,LMEX0000000626_IMG_26,LMHA0000000529,left lung lower lobe
LMXT0000000002,LMEX0000000626_IMG_27,LMHA0000000529,left lung lower lobe
LMXT0000000002,LMEX0000000626_IMG_28,LMHA0000000529,left lung lower lobe
LMXT0000000002,LMEX0000000626_IMG_29,LMHA0000000529,left lung lower lobe
LMXT0000000002,LMEX0000000626_IMG_3,LMHA0000000529,left lung lower lobe
LMXT0000000002,LMEX0000000626_IMG_30,LMHA0000000529,left lung lower lobe
LMXT0000000002,LMEX0000000626_IMG_31,LMHA0000000529,left lung lower lobe
LMXT0000000002,LMEX0000000626_IMG_32,LMHA0000000529,left lung lower lobe
LMXT0000000002,LMEX0000000626_IMG_33,LMHA0000000529,left lung lower lobe
LMXT0000000002,LMEX0000000626_IMG_34,LMHA0000000529,left lung lower lobe
LMXT0000000002,LMEX0000000626_IMG_35,LMHA0000000529,left lung lower lobe
LMXT0000000002,LMEX0000000626_IMG_36,LMHA0000000529,left lung lower lobe
LMXT0000000002,LMEX0000000626_IMG_37,LMHA0000000529,left lung lower lobe
LMXT0000000002,LMEX0000000626_IMG_38,LMHA0000000529,left lung lower lobe
LMXT0000000002,LMEX0000000626_IMG_39,LMHA0000000529,left lung lower lobe
LMXT0000000002,LMEX0000000626_IMG_4,LMHA0000000529,left lung lower lobe
LMXT0000000002,LMEX0000000626_IMG_40,LMHA0000000529,left lung lower lobe
LMXT0000000002,LMEX0000000626_IMG_41,LMHA0000000529,left lung lower lobe
LMXT0000000002,LMEX0000000626_IMG_42,LMHA0000000529,left lung lower lobe
LMXT0000000002,LMEX0000000626_IMG_43,LMHA0000000529,left lung lower lobe
LMXT0000000002,LMEX0000000626_IMG_5,LMHA0000000529,left lung lower lobe
LMXT0000000002,LMEX0000000626_IMG_6,LMHA0000000529,left lung lower lobe
LMXT0000000002,LMEX0000000626_IMG_7,LMHA0000000529,left lung lower lobe
LMXT0000000002,LMEX0000000626_IMG_8,LMHA0000000529,left lung lower lobe
LMXT0000000002,LMEX0000000626_IMG_9,LMHA0000000529,left lung lower lobe
LMXT0000000002,LMEX0000000627_IMG_1,LMHA0000000529,left lung lower lobe
LMXT0000000002,LMEX0000000627_IMG_10,LMHA0000000529,left lung lower lobe
LMXT0000000002,LMEX0000000627_IMG_11,LMHA0000000529,left lung lower lobe
LMXT0000000002,LMEX0000000627_IMG_12,LMHA0000000529,left lung lower lobe
LMXT0000000002,LMEX0000000627_IMG_13,LMHA0000000529,left lung lower lobe
LMXT0000000002,LMEX0000000627_IMG_14,LMHA0000000529,left lung lower lobe
LMXT0000000002,LMEX0000000627_IMG_15,LMHA0000000529,left lung lower lobe
LMXT0000000002,LMEX0000000627_IMG_16,LMHA0000000529,left lung lower lobe
LMXT0000000002,LMEX0000000627_IMG_17,LMHA0000000529,left lung lower lobe
LMXT0000000002,LMEX0000000627_IMG_2,LMHA0000000529,left lung lower lobe
LMXT0000000002,LMEX0000000627_IMG_3,LMHA0000000529,left lung lower lobe
LMXT0000000002,LMEX0000000627_IMG_4,LMHA0000000529,left lung lower lobe
LMXT0000000002,LMEX0000000627_IMG_5,LMHA0000000529,left lung lower lobe
LMXT0000000002,LMEX0000000627_IMG_6,LMHA0000000529,left lung lower lobe
LMXT0000000002,LMEX0000000627_IMG_7,LMHA0000000529,left lung lower lobe
LMXT0000000002,LMEX0000000627_IMG_8,LMHA0000000529,left lung lower lobe
LMXT0000000002,LMEX0000000627_IMG_9,LMHA0000000529,left lung lower lobe
LMXT0000000002,LMEX0000000628_IMG_1,LMHA0000000529,left lung lower lobe
LMXT0000000002,LMEX0000000628_IMG_10,LMHA0000000529,left lung lower lobe
LMXT0000000002,LMEX0000000628_IMG_11,LMHA0000000529,left lung lower lobe
LMXT0000000002,LMEX0000000628_IMG_12,LMHA0000000529,left lung lower lobe
LMXT0000000002,LMEX0000000628_IMG_13,LMHA0000000529,left lung lower lobe
LMXT0000000002,LMEX0000000628_IMG_14,LMHA0000000529,left lung lower lobe
LMXT0000000002,LMEX0000000628_IMG_15,LMHA0000000529,left lung lower lobe
LMXT0000000002,LMEX0000000628_IMG_16,LMHA0000000529,left lung lower lobe
LMXT0000000002,LMEX0000000628_IMG_17,LMHA0000000529,left lung lower lobe
LMXT0000000002,LMEX0000000628_IMG_18,LMHA0000000529,left lung lower lobe
LMXT0000000002,LMEX0000000628_IMG_19,LMHA0000000529,left lung lower lobe
LMXT0000000002,LMEX0000000628_IMG_2,LMHA0000000529,left lung lower lobe
LMXT0000000002,LMEX0000000628_IMG_20,LMHA0000000529,left lung lower lobe
LMXT0000000002,LMEX0000000628_IMG_21,LMHA0000000529,left lung lower lobe
LMXT0000000002,LMEX0000000628_IMG_22,LMHA0000000529,left lung lower lobe
LMXT0000000002,LMEX0000000628_IMG_23,LMHA0000000529,left lung lower lobe
LMXT0000000002,LMEX0000000628_IMG_24,LMHA0000000529,left lung lower lobe
LMXT0000000002,LMEX0000000628_IMG_25,LMHA0000000529,left lung lower lobe
LMXT0000000002,LMEX0000000628_IMG_26,LMHA0000000529,left lung lower lobe
LMXT0000000002,LMEX0000000628_IMG_27,LMHA0000000529,left lung lower lobe
LMXT0000000002,LMEX0000000628_IMG_28,LMHA0000000529,left lung lower lobe
LMXT0000000002,LMEX0000000628_IMG_29,LMHA0000000529,left lung lower lobe
LMXT0000000002,LMEX0000000628_IMG_3,LMHA0000000529,left lung lower lobe
LMXT0000000002,LMEX0000000628_IMG_30,LMHA0000000529,left lung lower lobe
LMXT0000000002,LMEX0000000628_IMG_31,LMHA0000000529,left lung lower lobe
LMXT0000000002,LMEX0000000628_IMG_32,LMHA0000000529,left lung lower lobe
LMXT0000000002,LMEX0000000628_IMG_33,LMHA0000000529,left lung lower lobe
LMXT0000000002,LMEX0000000628_IMG_34,LMHA0000000529,left lung lower lobe
LMXT0000000002,LMEX0000000628_IMG_4,LMHA0000000529,left lung lower lobe
LMXT0000000002,LMEX0000000628_IMG_5,LMHA0000000529,left lung lower lobe
LMXT0000000002,LMEX0000000628_IMG_6,LMHA0000000529,left lung lower lobe
LMXT0000000002,LMEX0000000628_IMG_7,LMHA0000000529,left lung lower lobe
LMXT0000000002,LMEX0000000628_IMG_8,LMHA0000000529,left lung lower lobe
LMXT0000000002,LMEX0000000628_IMG_9,LMHA0000000529,left lung lower lobe
LMXT0000000003,LMEX0000000683_IMG_1,LMMA0000000199,left lung
LMXT0000000003,LMEX0000000228_IMG_1,LMMA0000000211,lung
LMXT0000000003,LMEX0000000228_IMG_10,LMMA0000000211,lung
LMXT0000000003,LMEX0000000228_IMG_11,LMMA0000000211,lung
LMXT0000000003,LMEX0000000228_IMG_12,LMMA0000000211,lung
LMXT0000000003,LMEX0000000228_IMG_13,LMMA0000000211,lung
LMXT0000000003,LMEX0000000228_IMG_14,LMMA0000000211,lung
LMXT0000000003,LMEX0000000228_IMG_15,LMMA0000000211,lung
LMXT0000000003,LMEX0000000228_IMG_16,LMMA0000000211,lung
LMXT0000000003,LMEX0000000228_IMG_2,LMMA0000000211,lung
LMXT0000000003,LMEX0000000228_IMG_3,LMMA0000000211,lung
LMXT0000000003,LMEX0000000228_IMG_4,LMMA0000000211,lung
LMXT0000000003,LMEX0000000228_IMG_5,LMMA0000000211,lung
LMXT0000000003,LMEX0000000228_IMG_6,LMMA0000000211,lung
LMXT0000000003,LMEX0000000228_IMG_7,LMMA0000000211,lung
LMXT0000000003,LMEX0000000228_IMG_8,LMMA0000000211,lung
LMXT0000000003,LMEX0000000228_IMG_9,LMMA0000000211,lung
LMXT0000000003,LMEX0000000229_IMG_1,LMMA0000000211,lung
LMXT0000000003,LMEX0000000229_IMG_10,LMMA0000000211,lung
LMXT0000000003,LMEX0000000229_IMG_11,LMMA0000000211,lung
LMXT0000000003,LMEX0000000229_IMG_12,LMMA0000000211,lung
LMXT0000000003,LMEX0000000229_IMG_13,LMMA0000000211,lung
LMXT0000000003,LMEX0000000229_IMG_14,LMMA0000000211,lung
LMXT0000000003,LMEX0000000229_IMG_15,LMMA0000000211,lung
LMXT0000000003,LMEX0000000229_IMG_16,LMMA0000000211,lung
LMXT0000000003,LMEX0000000229_IMG_17,LMMA0000000211,lung
LMXT0000000003,LMEX0000000229_IMG_18,LMMA0000000211,lung
LMXT0000000003,LMEX0000000229_IMG_19,LMMA0000000211,lung
LMXT0000000003,LMEX0000000229_IMG_2,LMMA0000000211,lung
LMXT0000000003,LMEX0000000229_IMG_3,LMMA0000000211,lung
LMXT0000000003,LMEX0000000229_IMG_4,LMMA0000000211,lung
LMXT0000000003,LMEX0000000229_IMG_5,LMMA0000000211,lung
LMXT0000000003,LMEX0000000229_IMG_6,LMMA0000000211,lung
LMXT0000000003,LMEX0000000229_IMG_7,LMMA0000000211,lung
LMXT0000000003,LMEX0000000229_IMG_8,LMMA0000000211,lung
LMXT0000000003,LMEX0000000229_IMG_9,LMMA0000000211,lung
LMXT0000000003,LMEX0000000230_IMG_1,LMMA0000000211,lung
LMXT0000000003,LMEX0000000230_IMG_10,LMMA0000000211,lung
LMXT0000000003,LMEX0000000230_IMG_11,LMMA0000000211,lung
LMXT0000000003,LMEX0000000230_IMG_12,LMMA0000000211,lung
LMXT0000000003,LMEX0000000230_IMG_13,LMMA0000000211,lung
LMXT0000000003,LMEX0000000230_IMG_14,LMMA0000000211,lung
LMXT0000000003,LMEX0000000230_IMG_15,LMMA0000000211,lung
LMXT0000000003,LMEX0000000230_IMG_16,LMMA0000000211,lung
LMXT0000000003,LMEX0000000230_IMG_17,LMMA0000000211,lung
LMXT0000000003,LMEX0000000230_IMG_18,LMMA0000000211,lung
LMXT0000000003,LMEX0000000230_IMG_19,LMMA0000000211,lung
LMXT0000000003,LMEX0000000230_IMG_2,LMMA0000000211,lung
LMXT0000000003,LMEX0000000230_IMG_20,LMMA0000000211,lung
LMXT0000000003,LMEX0000000230_IMG_21,LMMA0000000211,lung
LMXT0000000003,LMEX0000000230_IMG_3,LMMA0000000211,lung
LMXT0000000003,LMEX0000000230_IMG_4,LMMA0000000211,lung
LMXT0000000003,LMEX0000000230_IMG_5,LMMA0000000211,lung
LMXT0000000003,LMEX0000000230_IMG_6,LMMA0000000211,lung
LMXT0000000003,LMEX0000000230_IMG_7,LMMA0000000211,lung
LMXT0000000003,LMEX0000000230_IMG_8,LMMA0000000211,lung
LMXT0000000003,LMEX0000000230_IMG_9,LMMA0000000211,lung
LMXT0000000003,LMEX0000000231_IMG_1,LMMA0000000211,lung
LMXT0000000003,LMEX0000000231_IMG_10,LMMA0000000211,lung
LMXT0000000003,LMEX0000000231_IMG_11,LMMA0000000211,lung
LMXT0000000003,LMEX0000000231_IMG_12,LMMA0000000211,lung
LMXT0000000003,LMEX0000000231_IMG_13,LMMA0000000211,lung
LMXT0000000003,LMEX0000000231_IMG_14,LMMA0000000211,lung
LMXT0000000003,LMEX0000000231_IMG_15,LMMA0000000211,lung
LMXT0000000003,LMEX0000000231_IMG_2,LMMA0000000211,lung
LMXT0000000003,LMEX0000000231_IMG_3,LMMA0000000211,lung
LMXT0000000003,LMEX0000000231_IMG_4,LMMA0000000211,lung
LMXT0000000003,LMEX0000000231_IMG_5,LMMA0000000211,lung
LMXT0000000003,LMEX0000000231_IMG_6,LMMA0000000211,lung
LMXT0000000003,LMEX0000000231_IMG_7,LMMA0000000211,lung
LMXT0000000003,LMEX0000000231_IMG_8,LMMA0000000211,lung
LMXT0000000003,LMEX0000000231_IMG_9,LMMA0000000211,lung
LMXT0000000003,LMEX0000000232_IMG_1,LMMA0000000211,lung
LMXT0000000003,LMEX0000000232_IMG_10,LMMA0000000211,lung
LMXT0000000003,LMEX0000000232_IMG_11,LMMA0000000211,lung
LMXT0000000003,LMEX0000000232_IMG_12,LMMA0000000211,lung
LMXT0000000003,LMEX0000000232_IMG_2,LMMA0000000211,lung
LMXT0000000003,LMEX0000000232_IMG_3,LMMA0000000211,lung
LMXT0000000003,LMEX0000000232_IMG_4,LMMA0000000211,lung
LMXT0000000003,LMEX0000000232_IMG_5,LMMA0000000211,lung
LMXT0000000003,LMEX0000000232_IMG_6,LMMA0000000211,lung
LMXT0000000003,LMEX0000000232_IMG_7,LMMA0000000211,lung
LMXT0000000003,LMEX0000000232_IMG_8,LMMA0000000211,lung
LMXT0000000003,LMEX0000000232_IMG_9,LMMA0000000211,lung
LMXT0000000003,LMEX0000000233_IMG_1,LMMA0000000211,lung
LMXT0000000003,LMEX0000000233_IMG_10,LMMA0000000211,lung
LMXT0000000003,LMEX0000000233_IMG_11,LMMA0000000211,lung
LMXT0000000003,LMEX0000000233_IMG_12,LMMA0000000211,lung
LMXT0000000003,LMEX0000000233_IMG_13,LMMA0000000211,lung
LMXT0000000003,LMEX0000000233_IMG_14,LMMA0000000211,lung
LMXT0000000003,LMEX0000000233_IMG_15,LMMA0000000211,lung
LMXT0000000003,LMEX0000000233_IMG_16,LMMA0000000211,lung
LMXT0000000003,LMEX0000000233_IMG_17,LMMA0000000211,lung
LMXT0000000003,LMEX0000000233_IMG_18,LMMA0000000211,lung
LMXT0000000003,LMEX0000000233_IMG_19,LMMA0000000211,lung
LMXT0000000003,LMEX0000000233_IMG_2,LMMA0000000211,lung
LMXT0000000003,LMEX0000000233_IMG_20,LMMA0000000211,lung
LMXT0000000003,LMEX0000000233_IMG_21,LMMA0000000211,lung
LMXT0000000003,LMEX0000000233_IMG_3,LMMA0000000211,lung
LMXT0000000003,LMEX0000000233_IMG_4,LMMA0000000211,lung
LMXT0000000003,LMEX0000000233_IMG_5,LMMA0000000211,lung
LMXT0000000003,LMEX0000000233_IMG_6,LMMA0000000211,lung
LMXT0000000003,LMEX0000000233_IMG_7,LMMA0000000211,lung
LMXT0000000003,LMEX0000000233_IMG_8,LMMA0000000211,lung
LMXT0000000003,LMEX0000000233_IMG_9,LMMA0000000211,lung
LMXT0000000003,LMEX0000000234_IMG_1,LMMA0000000211,lung
LMXT0000000003,LMEX0000000234_IMG_10,LMMA0000000211,lung
LMXT0000000003,LMEX0000000234_IMG_2,LMMA0000000211,lung
LMXT0000000003,LMEX0000000234_IMG_3,LMMA0000000211,lung
LMXT0000000003,LMEX0000000234_IMG_4,LMMA0000000211,lung
LMXT0000000003,LMEX0000000234_IMG_5,LMMA0000000211,lung
LMXT0000000003,LMEX0000000234_IMG_6,LMMA0000000211,lung
LMXT0000000003,LMEX0000000234_IMG_7,LMMA0000000211,lung
LMXT0000000003,LMEX0000000234_IMG_8,LMMA0000000211,lung
LMXT0000000003,LMEX0000000234_IMG_9,LMMA0000000211,lung
LMXT0000000003,LMEX0000000235_IMG_1,LMMA0000000211,lung
LMXT0000000003,LMEX0000000235_IMG_10,LMMA0000000211,lung
LMXT0000000003,LMEX0000000235_IMG_2,LMMA0000000211,lung
LMXT0000000003,LMEX0000000235_IMG_3,LMMA0000000211,lung
LMXT0000000003,LMEX0000000235_IMG_4,LMMA0000000211,lung
LMXT0000000003,LMEX0000000235_IMG_5,LMMA0000000211,lung
LMXT0000000003,LMEX0000000235_IMG_6,LMMA0000000211,lung
LMXT0000000003,LMEX0000000235_IMG_7,LMMA0000000211,lung
LMXT0000000003,LMEX0000000235_IMG_8,LMMA0000000211,lung
LMXT0000000003,LMEX0000000235_IMG_9,LMMA0000000211,lung
LMXT0000000003,LMEX0000000236_IMG_1,LMMA0000000211,lung
LMXT0000000003,LMEX0000000236_IMG_10,LMMA0000000211,lung
LMXT0000000003,LMEX0000000236_IMG_11,LMMA0000000211,lung
LMXT0000000003,LMEX0000000236_IMG_2,LMMA0000000211,lung
LMXT0000000003,LMEX0000000236_IMG_3,LMMA0000000211,lung
LMXT0000000003,LMEX0000000236_IMG_4,LMMA0000000211,lung
LMXT0000000003,LMEX0000000236_IMG_5,LMMA0000000211,lung
LMXT0000000003,LMEX0000000236_IMG_6,LMMA0000000211,lung
LMXT0000000003,LMEX0000000236_IMG_7,LMMA0000000211,lung
LMXT0000000003,LMEX0000000236_IMG_8,LMMA0000000211,lung
LMXT0000000003,LMEX0000000236_IMG_9,LMMA0000000211,lung
LMXT0000000003,LMEX0000000237_IMG_1,LMMA0000000211,lung
LMXT0000000003,LMEX0000000237_IMG_2,LMMA0000000211,lung
LMXT0000000003,LMEX0000000237_IMG_3,LMMA0000000211,lung
LMXT0000000003,LMEX0000000237_IMG_4,LMMA0000000211,lung
LMXT0000000003,LMEX0000000237_IMG_5,LMMA0000000211,lung
LMXT0000000003,LMEX0000000237_IMG_6,LMMA0000000211,lung
LMXT0000000003,LMEX0000000237_IMG_7,LMMA0000000211,lung
LMXT0000000003,LMEX0000000237_IMG_8,LMMA0000000211,lung
LMXT0000000003,LMEX0000000238_IMG_1,LMMA0000000211,lung
LMXT0000000003,LMEX0000000238_IMG_10,LMMA0000000211,lung
LMXT0000000003,LMEX0000000238_IMG_11,LMMA0000000211,lung
LMXT0000000003,LMEX0000000238_IMG_12,LMMA0000000211,lung
LMXT0000000003,LMEX0000000238_IMG_13,LMMA0000000211,lung
LMXT0000000003,LMEX0000000238_IMG_14,LMMA0000000211,lung
LMXT0000000003,LMEX0000000238_IMG_15,LMMA0000000211,lung
LMXT0000000003,LMEX0000000238_IMG_16,LMMA0000000211,lung
LMXT0000000003,LMEX0000000238_IMG_17,LMMA0000000211,lung
LMXT0000000003,LMEX0000000238_IMG_18,LMMA0000000211,lung
LMXT0000000003,LMEX0000000238_IMG_19,LMMA0000000211,lung
LMXT0000000003,LMEX0000000238_IMG_2,LMMA0000000211,lung
LMXT0000000003,LMEX0000000238_IMG_20,LMMA0000000211,lung
LMXT0000000003,LMEX0000000238_IMG_21,LMMA0000000211,lung
LMXT0000000003,LMEX0000000238_IMG_22,LMMA0000000211,lung
LMXT0000000003,LMEX0000000238_IMG_23,LMMA0000000211,lung
LMXT0000000003,LMEX0000000238_IMG_24,LMMA0000000211,lung
LMXT0000000003,LMEX0000000238_IMG_25,LMMA0000000211,lung
LMXT0000000003,LMEX0000000238_IMG_3,LMMA0000000211,lung
LMXT0000000003,LMEX0000000238_IMG_4,LMMA0000000211,lung
LMXT0000000003,LMEX0000000238_IMG_5,LMMA0000000211,lung
LMXT0000000003,LMEX0000000238_IMG_6,LMMA0000000211,lung
LMXT0000000003,LMEX0000000238_IMG_7,LMMA0000000211,lung
LMXT0000000003,LMEX0000000238_IMG_8,LMMA0000000211,lung
LMXT0000000003,LMEX0000000238_IMG_9,LMMA0000000211,lung
LMXT0000000003,LMEX0000000239_IMG_1,LMMA0000000211,lung
LMXT0000000003,LMEX0000000239_IMG_10,LMMA0000000211,lung
LMXT0000000003,LMEX0000000239_IMG_11,LMMA0000000211,lung
LMXT0000000003,LMEX0000000239_IMG_12,LMMA0000000211,lung
LMXT0000000003,LMEX0000000239_IMG_13,LMMA0000000211,lung
LMXT0000000003,LMEX0000000239_IMG_2,LMMA0000000211,lung
LMXT0000000003,LMEX0000000239_IMG_3,LMMA0000000211,lung
LMXT0000000003,LMEX0000000239_IMG_4,LMMA0000000211,lung
LMXT0000000003,LMEX0000000239_IMG_5,LMMA0000000211,lung
LMXT0000000003,LMEX0000000239_IMG_6,LMMA0000000211,lung
LMXT0000000003,LMEX0000000239_IMG_7,LMMA0000000211,lung
LMXT0000000003,LMEX0000000239_IMG_8,LMMA0000000211,lung
LMXT0000000003,LMEX0000000239_IMG_9,LMMA0000000211,lung
LMXT0000000003,LMEX0000000240_IMG_1,LMMA0000000211,lung
LMXT0000000003,LMEX0000000240_IMG_10,LMMA0000000211,lung
LMXT0000000003,LMEX0000000240_IMG_11,LMMA0000000211,lung
LMXT0000000003,LMEX0000000240_IMG_12,LMMA0000000211,lung
LMXT0000000003,LMEX0000000240_IMG_2,LMMA0000000211,lung
LMXT0000000003,LMEX0000000240_IMG_3,LMMA0000000211,lung
LMXT0000000003,LMEX0000000240_IMG_4,LMMA0000000211,lung
LMXT0000000003,LMEX0000000240_IMG_5,LMMA0000000211,lung
LMXT0000000003,LMEX0000000240_IMG_6,LMMA0000000211,lung
LMXT0000000003,LMEX0000000240_IMG_7,LMMA0000000211,lung
LMXT0000000003,LMEX0000000240_IMG_8,LMMA0000000211,lung
LMXT0000000003,LMEX0000000240_IMG_9,LMMA0000000211,lung
LMXT0000000003,LMEX0000000241_IMG_1,LMMA0000000211,lung
LMXT0000000003,LMEX0000000241_IMG_10,LMMA0000000211,lung
LMXT0000000003,LMEX0000000241_IMG_11,LMMA0000000211,lung
LMXT0000000003,LMEX0000000241_IMG_12,LMMA0000000211,lung
LMXT0000000003,LMEX0000000241_IMG_13,LMMA0000000211,lung
LMXT0000000003,LMEX0000000241_IMG_14,LMMA0000000211,lung
LMXT0000000003,LMEX0000000241_IMG_2,LMMA0000000211,lung
LMXT0000000003,LMEX0000000241_IMG_3,LMMA0000000211,lung
LMXT0000000003,LMEX0000000241_IMG_4,LMMA0000000211,lung
LMXT0000000003,LMEX0000000241_IMG_5,LMMA0000000211,lung
LMXT0000000003,LMEX0000000241_IMG_6,LMMA0000000211,lung
LMXT0000000003,LMEX0000000241_IMG_7,LMMA0000000211,lung
LMXT0000000003,LMEX0000000241_IMG_8,LMMA0000000211,lung
LMXT0000000003,LMEX0000000241_IMG_9,LMMA0000000211,lung
LMXT0000000003,LMEX0000000242_IMG_1,LMMA0000000211,lung
LMXT0000000003,LMEX0000000242_IMG_10,LMMA0000000211,lung
LMXT0000000003,LMEX0000000242_IMG_11,LMMA0000000211,lung
LMXT0000000003,LMEX0000000242_IMG_12,LMMA0000000211,lung
LMXT0000000003,LMEX0000000242_IMG_13,LMMA0000000211,lung
LMXT0000000003,LMEX0000000242_IMG_14,LMMA0000000211,lung
LMXT0000000003,LMEX0000000242_IMG_15,LMMA0000000211,lung
LMXT0000000003,LMEX0000000242_IMG_16,LMMA0000000211,lung
LMXT0000000003,LMEX0000000242_IMG_17,LMMA0000000211,lung
LMXT0000000003,LMEX0000000242_IMG_18,LMMA0000000211,lung
LMXT0000000003,LMEX0000000242_IMG_19,LMMA0000000211,lung
LMXT0000000003,LMEX0000000242_IMG_2,LMMA0000000211,lung
LMXT0000000003,LMEX0000000242_IMG_20,LMMA0000000211,lung
LMXT0000000003,LMEX0000000242_IMG_3,LMMA0000000211,lung
LMXT0000000003,LMEX0000000242_IMG_4,LMMA0000000211,lung
LMXT0000000003,LMEX0000000242_IMG_5,LMMA0000000211,lung
LMXT0000000003,LMEX0000000242_IMG_6,LMMA0000000211,lung
LMXT0000000003,LMEX0000000242_IMG_7,LMMA0000000211,lung
LMXT0000000003,LMEX0000000242_IMG_8,LMMA0000000211,lung
LMXT0000000003,LMEX0000000242_IMG_9,LMMA0000000211,lung
LMXT0000000003,LMEX0000000243_IMG_1,LMMA0000000211,lung
LMXT0000000003,LMEX0000000243_IMG_10,LMMA0000000211,lung
LMXT0000000003,LMEX0000000243_IMG_11,LMMA0000000211,lung
LMXT0000000003,LMEX0000000243_IMG_12,LMMA0000000211,lung
LMXT0000000003,LMEX0000000243_IMG_13,LMMA0000000211,lung
LMXT0000000003,LMEX0000000243_IMG_14,LMMA0000000211,lung
LMXT0000000003,LMEX0000000243_IMG_2,LMMA0000000211,lung
LMXT0000000003,LMEX0000000243_IMG_3,LMMA0000000211,lung
LMXT0000000003,LMEX0000000243_IMG_4,LMMA0000000211,lung
LMXT0000000003,LMEX0000000243_IMG_5,LMMA0000000211,lung
LMXT0000000003,LMEX0000000243_IMG_6,LMMA0000000211,lung
LMXT0000000003,LMEX0000000243_IMG_7,LMMA0000000211,lung
LMXT0000000003,LMEX0000000243_IMG_8,LMMA0000000211,lung
LMXT0000000003,LMEX0000000243_IMG_9,LMMA0000000211,lung
LMXT0000000003,LMEX0000000604_IMG_1,LMHA0000000324,right lung lower lobe
LMXT0000000003,LMEX0000000604_IMG_10,LMHA0000000324,right lung lower lobe
LMXT0000000003,LMEX0000000604_IMG_11,LMHA0000000324,right lung lower lobe
LMXT0000000003,LMEX0000000604_IMG_2,LMHA0000000324,right lung lower lobe
LMXT0000000003,LMEX0000000604_IMG_3,LMHA0000000324,right lung lower lobe
LMXT0000000003,LMEX0000000604_IMG_4,LMHA0000000324,right lung lower lobe
LMXT0000000003,LMEX0000000604_IMG_5,LMHA0000000324,right lung lower lobe
LMXT0000000003,LMEX0000000604_IMG_6,LMHA0000000324,right lung lower lobe
LMXT0000000003,LMEX0000000604_IMG_7,LMHA0000000324,right lung lower lobe
LMXT0000000003,LMEX0000000604_IMG_8,LMHA0000000324,right lung lower lobe
LMXT0000000003,LMEX0000000604_IMG_9,LMHA0000000324,right lung lower lobe
LMXT0000000003,LMEX0000000606_IMG_1,LMHA0000000324,right lung lower lobe
LMXT0000000003,LMEX0000000606_IMG_10,LMHA0000000324,right lung lower lobe
LMXT0000000003,LMEX0000000606_IMG_11,LMHA0000000324,right lung lower lobe
LMXT0000000003,LMEX0000000606_IMG_12,LMHA0000000324,right lung lower lobe
LMXT0000000003,LMEX0000000606_IMG_13,LMHA0000000324,right lung lower lobe
LMXT0000000003,LMEX0000000606_IMG_14,LMHA0000000324,right lung lower lobe
LMXT0000000003,LMEX0000000606_IMG_15,LMHA0000000324,right lung lower lobe
LMXT0000000003,LMEX0000000606_IMG_2,LMHA0000000324,right lung lower lobe
LMXT0000000003,LMEX0000000606_IMG_3,LMHA0000000324,right lung lower lobe
LMXT0000000003,LMEX0000000606_IMG_4,LMHA0000000324,right lung lower lobe
LMXT0000000003,LMEX0000000606_IMG_5,LMHA0000000324,right lung lower lobe
LMXT0000000003,LMEX0000000606_IMG_6,LMHA0000000324,right lung lower lobe
LMXT0000000003,LMEX0000000606_IMG_7,LMHA0000000324,right lung lower lobe
LMXT0000000003,LMEX0000000606_IMG_8,LMHA0000000324,right lung lower lobe
LMXT0000000003,LMEX0000000606_IMG_9,LMHA0000000324,right lung lower lobe
LMXT0000000003,LMEX0000000607_IMG_1,LMHA0000000324,right lung lower lobe
LMXT0000000003,LMEX0000000607_IMG_10,LMHA0000000324,right lung lower lobe
LMXT0000000003,LMEX0000000607_IMG_11,LMHA0000000324,right lung lower lobe
LMXT0000000003,LMEX0000000607_IMG_12,LMHA0000000324,right lung lower lobe
LMXT0000000003,LMEX0000000607_IMG_13,LMHA0000000324,right lung lower lobe
LMXT0000000003,LMEX0000000607_IMG_14,LMHA0000000324,right lung lower lobe
LMXT0000000003,LMEX0000000607_IMG_2,LMHA0000000324,right lung lower lobe
LMXT0000000003,LMEX0000000607_IMG_3,LMHA0000000324,right lung lower lobe
LMXT0000000003,LMEX0000000607_IMG_4,LMHA0000000324,right lung lower lobe
LMXT0000000003,LMEX0000000607_IMG_5,LMHA0000000324,right lung lower lobe
LMXT0000000003,LMEX0000000607_IMG_6,LMHA0000000324,right lung lower lobe
LMXT0000000003,LMEX0000000607_IMG_7,LMHA0000000324,right lung lower lobe
LMXT0000000003,LMEX0000000607_IMG_8,LMHA0000000324,right lung lower lobe
LMXT0000000003,LMEX0000000607_IMG_9,LMHA0000000324,right lung lower lobe
LMXT0000000003,LMEX0000000610_IMG_1,LMHA0000000324,right lung lower lobe
LMXT0000000003,LMEX0000000610_IMG_2,LMHA0000000324,right lung lower lobe
LMXT0000000003,LMEX0000000610_IMG_3,LMHA0000000324,right lung lower lobe
LMXT0000000003,LMEX0000000610_IMG_4,LMHA0000000324,right lung lower lobe
LMXT0000000003,LMEX0000000610_IMG_5,LMHA0000000324,right lung lower lobe
LMXT0000000003,LMEX0000000610_IMG_6,LMHA0000000324,right lung lower lobe
LMXT0000000003,LMEX0000000610_IMG_7,LMHA0000000324,right lung lower lobe
LMXT0000000003,LMEX0000000610_IMG_8,LMHA0000000324,right lung lower lobe
LMXT0000000003,LMEX0000000610_IMG_9,LMHA0000000324,right lung lower lobe
LMXT0000000003,LMEX0000000611_IMG_1,LMHA0000000324,right lung lower lobe
LMXT0000000003,LMEX0000000611_IMG_10,LMHA0000000324,right lung lower lobe
LMXT0000000003,LMEX0000000611_IMG_11,LMHA0000000324,right lung lower lobe
LMXT0000000003,LMEX0000000611_IMG_12,LMHA0000000324,right lung lower lobe
LMXT0000000003,LMEX0000000611_IMG_13,LMHA0000000324,right lung lower lobe
LMXT0000000003,LMEX0000000611_IMG_14,LMHA0000000324,right lung lower lobe
LMXT0000000003,LMEX0000000611_IMG_15,LMHA0000000324,right lung lower lobe
LMXT0000000003,LMEX0000000611_IMG_16,LMHA0000000324,right lung lower lobe
LMXT0000000003,LMEX0000000611_IMG_2,LMHA0000000324,right lung lower lobe
LMXT0000000003,LMEX0000000611_IMG_3,LMHA0000000324,right lung lower lobe
LMXT0000000003,LMEX0000000611_IMG_4,LMHA0000000324,right lung lower lobe
LMXT0000000003,LMEX0000000611_IMG_5,LMHA0000000324,right lung lower lobe
LMXT0000000003,LMEX0000000611_IMG_6,LMHA0000000324,right lung lower lobe
LMXT0000000003,LMEX0000000611_IMG_7,LMHA0000000324,right lung lower lobe
LMXT0000000003,LMEX0000000611_IMG_8,LMHA0000000324,right lung lower lobe
LMXT0000000003,LMEX0000000611_IMG_9,LMHA0000000324,right lung lower lobe
LMXT0000000003,LMEX0000000603_IMG_5,LMHA0000000529,left lung lower lobe
LMXT0000000003,LMEX0000000603_IMG_6,LMHA0000000529,left lung lower lobe
LMXT0000000003,LMEX0000000603_IMG_7,LMHA0000000529,left lung lower lobe
LMXT0000000003,LMEX0000000603_IMG_8,LMHA0000000529,left lung lower lobe
LMXT0000000003,LMEX0000000603_IMG_9,LMHA0000000529,left lung lower lobe
LMXT0000000003,LMEX0000000605_IMG_1,LMHA0000000529,left lung lower lobe
LMXT0000000003,LMEX0000000605_IMG_10,LMHA0000000529,left lung lower lobe
LMXT0000000003,LMEX0000000605_IMG_11,LMHA0000000529,left lung lower lobe
LMXT0000000003,LMEX0000000605_IMG_12,LMHA0000000529,left lung lower lobe
LMXT0000000003,LMEX0000000605_IMG_13,LMHA0000000529,left lung lower lobe
LMXT0000000003,LMEX0000000605_IMG_14,LMHA0000000529,left lung lower lobe
LMXT0000000003,LMEX0000000605_IMG_2,LMHA0000000529,left lung lower lobe
LMXT0000000003,LMEX0000000605_IMG_3,LMHA0000000529,left lung lower lobe
LMXT0000000003,LMEX0000000605_IMG_4,LMHA0000000529,left lung lower lobe
LMXT0000000003,LMEX0000000605_IMG_5,LMHA0000000529,left lung lower lobe
LMXT0000000003,LMEX0000000605_IMG_6,LMHA0000000529,left lung lower lobe
LMXT0000000003,LMEX0000000605_IMG_7,LMHA0000000529,left lung lower lobe
LMXT0000000003,LMEX0000000605_IMG_8,LMHA0000000529,left lung lower lobe
LMXT0000000003,LMEX0000000605_IMG_9,LMHA0000000529,left lung lower lobe
LMXT0000000003,LMEX0000000608_IMG_1,LMHA0000000529,left lung lower lobe
LMXT0000000003,LMEX0000000608_IMG_2,LMHA0000000529,left lung lower lobe
LMXT0000000003,LMEX0000000608_IMG_3,LMHA0000000529,left lung lower lobe
LMXT0000000003,LMEX0000000608_IMG_4,LMHA0000000529,left lung lower lobe
LMXT0000000003,LMEX0000000608_IMG_5,LMHA0000000529,left lung lower lobe
LMXT0000000003,LMEX0000000608_IMG_6,LMHA0000000529,left lung lower lobe
LMXT0000000003,LMEX0000000608_IMG_7,LMHA0000000529,left lung lower lobe
LMXT0000000003,LMEX0000000608_IMG_8,LMHA0000000529,left lung lower lobe
LMXT0000000003,LMEX0000000609_IMG_1,LMHA0000000529,left lung lower lobe
LMXT0000000003,LMEX0000000609_IMG_2,LMHA0000000529,left lung lower lobe
LMXT0000000003,LMEX0000000609_IMG_3,LMHA0000000529,left lung lower lobe
LMXT0000000003,LMEX0000000612_IMG_1,LMHA0000000529,left lung lower lobe
LMXT0000000003,LMEX0000000612_IMG_2,LMHA0000000529,left lung lower lobe
LMXT0000000003,LMEX0000000612_IMG_3,LMHA0000000529,left lung lower lobe
LMXT0000000003,LMEX0000000612_IMG_4,LMHA0000000529,left lung lower lobe
LMXT0000000003,LMEX0000000612_IMG_5,LMHA0000000529,left lung lower lobe
LMXT0000000003,LMEX0000000612_IMG_6,LMHA0000000529,left lung lower lobe
LMXT0000000003,LMEX0000000612_IMG_7,LMHA0000000529,left lung lower lobe
LMXT0000000003,LMEX0000000612_IMG_8,LMHA0000000529,left lung lower lobe
LMXT0000000003,LMEX0000000612_IMG_9,LMHA0000000529,left lung lower lobe
LMXT0000000003,LMEX0000000685_IMG_1,LMMA0000000199,left lung
LMXT0000000003,LMEX0000000686_IMG_1,LMMA0000000199,left lung
LMXT0000000003,LMEX0000000687_IMG_1,LMMA0000000199,left lung
LMXT0000000003,LMEX0000000688_IMG_1,LMMA0000000199,left lung
LMXT0000000003,LMEX0000000689_IMG_1,LMMA0000000199,left lung
LMXT0000000003,LMEX0000000690_IMG_1,LMMA0000000199,left lung
LMXT0000000003,LMEX0000000691_IMG_1,LMMA0000000199,left lung
LMXT0000000003,LMEX0000000692_IMG_1,LMMA0000000199,left lung
LMXT0000000003,LMEX0000000693_IMG_1,LMMA0000000199,left lung
LMXT0000000003,LMEX0000000694_IMG_1,LMMA0000000199,left lung
LMXT0000000003,LMEX0000000695_IMG_1,LMMA0000000199,left lung
LMXT0000000003,LMEX0000000022_IMG_1,LMMA0000000211,lung
LMXT0000000003,LMEX0000000022_IMG_10,LMMA0000000211,lung
LMXT0000000003,LMEX0000000022_IMG_11,LMMA0000000211,lung
LMXT0000000003,LMEX0000000022_IMG_12,LMMA0000000211,lung
LMXT0000000003,LMEX0000000022_IMG_13,LMMA0000000211,lung
LMXT0000000003,LMEX0000000022_IMG_14,LMMA0000000211,lung
LMXT0000000003,LMEX0000000022_IMG_15,LMMA0000000211,lung
LMXT0000000003,LMEX0000000022_IMG_2,LMMA0000000211,lung
LMXT0000000003,LMEX0000000022_IMG_3,LMMA0000000211,lung
LMXT0000000003,LMEX0000000022_IMG_4,LMMA0000000211,lung
LMXT0000000003,LMEX0000000022_IMG_5,LMMA0000000211,lung
LMXT0000000003,LMEX0000000022_IMG_6,LMMA0000000211,lung
LMXT0000000003,LMEX0000000022_IMG_7,LMMA0000000211,lung
LMXT0000000003,LMEX0000000022_IMG_8,LMMA0000000211,lung
LMXT0000000003,LMEX0000000022_IMG_9,LMMA0000000211,lung
LMXT0000000003,LMEX0000000023_IMG_1,LMMA0000000211,lung
LMXT0000000003,LMEX0000000023_IMG_10,LMMA0000000211,lung
LMXT0000000003,LMEX0000000023_IMG_11,LMMA0000000211,lung
LMXT0000000003,LMEX0000000023_IMG_12,LMMA0000000211,lung
LMXT0000000003,LMEX0000000023_IMG_13,LMMA0000000211,lung
LMXT0000000003,LMEX0000000023_IMG_14,LMMA0000000211,lung
LMXT0000000003,LMEX0000000023_IMG_15,LMMA0000000211,lung
LMXT0000000003,LMEX0000000023_IMG_16,LMMA0000000211,lung
LMXT0000000003,LMEX0000000023_IMG_17,LMMA0000000211,lung
LMXT0000000003,LMEX0000000023_IMG_18,LMMA0000000211,lung
LMXT0000000003,LMEX0000000023_IMG_2,LMMA0000000211,lung
LMXT0000000003,LMEX0000000023_IMG_3,LMMA0000000211,lung
LMXT0000000003,LMEX0000000023_IMG_4,LMMA0000000211,lung
LMXT0000000003,LMEX0000000023_IMG_5,LMMA0000000211,lung
LMXT0000000003,LMEX0000000023_IMG_6,LMMA0000000211,lung
LMXT0000000003,LMEX0000000023_IMG_7,LMMA0000000211,lung
LMXT0000000003,LMEX0000000023_IMG_8,LMMA0000000211,lung
LMXT0000000003,LMEX0000000023_IMG_9,LMMA0000000211,lung
LMXT0000000004,LMEX0000000647_IMG_1,LMMA0000000199,left lung
LMXT0000000004,LMEX0000000648_IMG_1,LMMA0000000199,left lung
LMXT0000000004,LMEX0000000648_IMG_2,LMMA0000000199,left lung
LMXT0000000004,LMEX0000000649_IMG_1,LMMA0000000199,left lung
LMXT0000000004,LMEX0000000649_IMG_2,LMMA0000000199,left lung
LMXT0000000004,LMEX0000000649_IMG_3,LMMA0000000199,left lung
LMXT0000000004,LMEX0000000649_IMG_4,LMMA0000000199,left lung
LMXT0000000004,LMEX0000000649_IMG_5,LMMA0000000199,left lung
LMXT0000000004,LMEX0000000649_IMG_6,LMMA0000000199,left lung
LMXT0000000004,LMEX0000000649_IMG_7,LMMA0000000199,left lung
LMXT0000000004,LMEX0000000649_IMG_8,LMMA0000000199,left lung
LMXT0000000004,LMEX0000000649_IMG_9,LMMA0000000199,left lung
LMXT0000000004,LMEX0000000650_IMG_1,LMMA0000000199,left lung
LMXT0000000004,LMEX0000000652_IMG_1,LMMA0000000199,left lung
LMXT0000000004,LMEX0000000652_IMG_2,LMMA0000000199,left lung
LMXT0000000004,LMEX0000000653_IMG_1,LMMA0000000199,left lung
LMXT0000000004,LMEX0000000653_IMG_2,LMMA0000000199,left lung
LMXT0000000004,LMEX0000000654_IMG_1,LMMA0000000199,left lung
LMXT0000000004,LMEX0000000654_IMG_2,LMMA0000000199,left lung
LMXT0000000004,LMEX0000000655_IMG_1,LMMA0000000199,left lung
LMXT0000000004,LMEX0000000655_IMG_2,LMMA0000000199,left lung
LMXT0000000004,LMEX0000000656_IMG_1,LMMA0000000199,left lung
LMXT0000000004,LMEX0000000656_IMG_2,LMMA0000000199,left lung
LMXT0000000004,LMEX0000000657_IMG_1,LMMA0000000199,left lung
LMXT0000000004,LMEX0000000657_IMG_2,LMMA0000000199,left lung
LMXT0000000004,LMEX0000000658_IMG_1,LMMA0000000199,left lung
LMXT0000000004,LMEX0000000659_IMG_1,LMMA0000000199,left lung
LMXT0000000004,LMEX0000000659_IMG_2,LMMA0000000199,left lung
LMXT0000000004,LMEX0000000642_IMG_1,LMMA0000000330,right lung middle lobe
